 1996   3.0     6.0   
 1997   6.0     5.0   
 1998   35.0    32.0  
 1999  133.0    66.0  
 2000  194.0   166.0  
 2001   86.0   145.0  
 2002   94.0   185.0  
 2003   77.0    80.0  
 2004   60.0    50.0  
 2005   80.0    84.0  
 2006   38.0    42.0  
 2007   91.0    74.0  
 2008  109.0    88.0  
 2009  119.0    76.0  
 2010   88.0    44.0  
 2011  226.0    75.0  
 2012  298.0   152.0  
 2013  280.0   266.0  
 2014  234.0   251.0  
 2015  242.0    95.0  
 2016  130.0    50.0  
 2017   54.0    18.0  
 2018   30.0    21.0  
 2019   37.0    30.0  
 2020   38.0    45.0  
Total  2782.0  2146.0 
