 1996  01  1996.083   6     0     1     1   
 1996  02  1996.167   6     0     0     0   
 1996  03  1996.25    18    4     4     8   
 1996  04  1996.333   17    1     4     5   
 1996  05  1996.417   14    1     1     2   
 1996  06   1996.5    8     0     1     1   
 1996  07  1996.583   23    1     6     7   
 1996  08  1996.667   17    3     7     10  
 1996  09  1996.75    19    7     5     12  
 1996  10  1996.833   19    5     5     10  
 1996  11  1996.917   23    2     6     8   
 1996  12   1997.0    32    5     9     14  
 1997  01  1997.083   17    4     4     8   
 1997  02  1997.167   21    3     6     9   
 1997  03  1997.25    18    2     5     7   
 1997  04  1997.333   23    9     5     14  
 1997  05  1997.417   35    5     3     8   
 1997  06   1997.5    34    8     3     11  
 1997  07  1997.583   30    11    3     14  
 1997  08  1997.667   25    4     3     7   
 1997  09  1997.75    43    12    10    22  
 1997  10  1997.833   39    10    6     16  
 1997  11  1997.917   48    13    11    24  
 1997  12   1998.0    35    8     4     12  
 1998  01  1998.083   58    16    9     25  
 1998  02  1998.167   84    32    20    52  
 1998  03  1998.25    77    19    18    37  
 1998  04  1998.333   85    24    22    46  
 1998  05  1998.417  105    32    25    57  
 1998  06   1998.5   115    28    38    66  
 1998  10  1998.833   31    13    7     20  
 1998  11  1998.917   75    24    17    41  
 1998  12   1999.0    57    15    11    26  
 1999  02  1999.167   46    8     12    20  
 1999  03  1999.25    91    19    24    43  
 1999  04  1999.333   82    20    22    42  
 1999  05  1999.417   91    32    13    45  
 1999  06   1999.5   100    28    26    54  
 1999  07  1999.583  133    37    22    59  
 1999  08  1999.667  115    33    19    52  
 1999  09  1999.75   103    34    18    52  
 1999  10  1999.833   83    23    15    38  
 1999  11  1999.917   82    10    22    32  
 1999  12   2000.0    63    19    14    33  
 2000  01  2000.083   90    17    20    37  
 2000  02  2000.167  137    29    35    64  
 2000  03  2000.25   156    24    48    72  
 2000  04  2000.333  138    34    31    65  
 2000  05  2000.417  148    32    36    68  
 2000  06   2000.5   161    51    23    74  
 2000  07  2000.583  142    39    31    70  
 2000  08  2000.667  147    35    31    66  
 2000  09  2000.75   133    36    23    59  
 2000  10  2000.833  111    32    25    57  
 2000  11  2000.917  139    31    38    69  
 2000  12   2001.0   104    38    18    56  
 2001  01  2001.083   99    30    23    53  
 2001  02  2001.167   75    23    14    37  
 2001  03  2001.25   159    29    43    72  
 2001  04  2001.333  115    22    26    48  
 2001  05  2001.417  128    22    27    49  
 2001  06   2001.5   119    39    27    66  
 2001  07  2001.583   82    15    31    46  
 2001  08  2001.667  123    28    36    64  
 2001  09  2001.75   168    39    48    87  
 2001  10  2001.833  150    46    36    82  
 2001  11  2001.917   86    26    18    44  
 2001  12   2002.0   132    37    24    61  
 2002  01  2002.083  111    26    23    49  
 2002  02  2002.167   83    16    22    38  
 2002  03  2002.25   162    18    52    70  
 2002  04  2002.333  171    21    44    65  
 2002  05  2002.417  145    37    37    74  
 2002  06   2002.5   101    33    18    51  
 2002  07  2002.583  152    30    31    61  
 2002  08  2002.667  177    30    53    83  
 2002  09  2002.75   167    41    33    74  
 2002  10  2002.833  165    39    38    77  
 2002  11  2002.917  132    27    37    64  
 2002  12   2003.0    82    21    23    44  
 2003  01  2003.083  127    29    26    55  
 2003  02  2003.167   85    23    22    45  
 2003  03  2003.25   102    34    19    53  
 2003  04  2003.333  153    52    29    81  
 2003  05  2003.417  117    29    17    46  
 2003  06   2003.5    73    26    14    40  
 2003  07  2003.583   55    20    9     29  
 2003  08  2003.667   82    26    24    50  
 2003  09  2003.75    77    20    16    36  
 2003  10  2003.833  106    32    30    62  
 2003  11  2003.917   63    17    26    43  
 2003  12   2004.0    60    10    15    25  
 2004  01  2004.083   86    20    22    42  
 2004  02  2004.167   94    19    24    43  
 2004  03  2004.25    94    15    40    55  
 2004  04  2004.333   84    14    27    41  
 2004  05  2004.417  125    15    50    65  
 2004  06   2004.5    96    31    28    59  
 2004  07  2004.583  101    21    28    49  
 2004  08  2004.667   65    15    13    28  
 2004  09  2004.75    51    8     18    26  
 2004  10  2004.833   99    31    28    59  
 2004  11  2004.917   96    10    24    34  
 2004  12   2005.0    71    12    22    34  
 2005  01  2005.083  102    21    30    51  
 2005  02  2005.167   91    15    33    48  
 2005  03  2005.25    95    19    28    47  
 2005  04  2005.333  104    14    32    46  
 2005  05  2005.417  132    30    51    81  
 2005  06   2005.5    96    33    24    57  
 2005  07  2005.583  128    47    33    80  
 2005  08  2005.667  116    28    32    60  
 2005  09  2005.75    74    19    19    38  
 2005  10  2005.833   75    15    16    31  
 2005  11  2005.917   73    15    16    31  
 2005  12   2006.0   104    24    20    44  
 2006  01  2006.083  102    24    42    66  
 2006  02  2006.167   70    16    25    41  
 2006  03  2006.25    47    10    23    33  
 2006  04  2006.333   79    20    28    48  
 2006  05  2006.417  106    21    46    67  
 2006  06   2006.5    81    20    39    59  
 2006  07  2006.583  124    25    45    70  
 2006  08  2006.667   98    18    53    71  
 2006  09  2006.75   109    21    40    61  
 2006  10  2006.833   72    7     29    36  
 2006  11  2006.917   92    16    33    49  
 2006  12   2007.0    52    10    20    30  
 2007  01  2007.083  104    30    36    66  
 2007  02  2007.167   86    21    29    50  
 2007  03  2007.25   127    41    38    79  
 2007  04  2007.333  161    56    52   108  
 2007  05  2007.417  137    44    45    89  
 2007  06   2007.5   155    52    55   107  
 2007  07  2007.583  140    37    55    92  
 2007  08  2007.667  117    21    52    73  
 2007  09  2007.75   118    31    56    87  
 2007  10  2007.833  102    26    27    53  
 2007  11  2007.917   77    20    24    44  
 2007  12   2008.0   115    14    35    49  
 2008  01  2008.083   97    23    28    51  
 2008  02  2008.167   65    22    13    35  
 2008  03  2008.25   100    15    36    51  
 2008  04  2008.333   80    21    18    39  
 2008  05  2008.417   73    16    26    42  
 2008  06   2008.5    70    11    28    39  
 2008  07  2008.583   76    16    22    38  
 2008  08  2008.667   52    14    12    26  
 2008  09  2008.75    56    13    20    33  
 2008  10  2008.833   66    23    16    39  
 2008  11  2008.917   57    20    6     26  
 2008  12   2009.0    70    21    15    36  
 2009  01  2009.083   62    10    12    22  
 2009  02  2009.167   51    16    7     23  
 2009  03  2009.25    61    15    14    29  
 2009  04  2009.333   60    15    3     18  
 2009  05  2009.417   47    12    14    26  
 2009  06   2009.5    72    17    14    31  
 2009  07  2009.583   47    18    4     22  
 2009  08  2009.667   46    10    12    22  
 2009  09  2009.75   107    18    17    35  
 2009  10  2009.833   65    11    13    24  
 2009  11  2009.917   51    16    9     25  
 2009  12   2010.0    76    16    12    28  
 2010  01  2010.083   64    11    21    32  
 2010  02  2010.167   74    21    19    40  
 2010  03  2010.25    91    20    21    41  
 2010  04  2010.333   85    21    29    50  
 2010  05  2010.417   97    21    37    58  
 2010  06   2010.5   100    33    39    72  
 2010  07  2010.583   94    21    28    49  
 2010  08  2010.667   81    22    30    52  
 2010  09  2010.75    77    16    28    44  
 2010  10  2010.833   78    17    16    33  
 2010  11  2010.917  144    29    38    67  
 2010  12   2011.0   121    30    31    61  
 2011  01  2011.083   84    20    23    43  
 2011  02  2011.167   86    26    6     32  
 2011  03  2011.25   176    50    43    93  
 2011  04  2011.333  203    56    40    96  
 2011  05  2011.417  202    59    51   110  
 2011  06   2011.5   180    45    47    92  
 2011  07  2011.583  138    38    24    62  
 2011  08  2011.667  132    34    19    53  
 2011  09  2011.75   185    70    39   109  
 2011  10  2011.833  222    50    49    99  
 2011  11  2011.917  170    67    27    94  
 2011  12   2012.0   171    52    53   105  
 2012  01  2012.083  148    42    25    67  
 2012  02  2012.167  112    26    22    48  
 2012  03  2012.25   140    29    28    57  
 2012  04  2012.333  166    33    61    94  
 2012  05  2012.417  161    43    38    81  
 2012  06   2012.5   226    54    53   107  
 2012  07  2012.583  230    33    59    92  
 2012  08  2012.667  193    52    30    82  
 2012  09  2012.75   173    52    19    71  
 2012  10  2012.833  134    31    28    59  
 2012  11  2012.917  185    49    36    85  
 2012  12   2013.0   225    45    54    99  
 2013  01  2013.083  226    74    44   118  
 2013  02  2013.167  191    46    40    86  
 2013  03  2013.25   177    25    48    73  
 2013  04  2013.333  202    37    54    91  
 2013  05  2013.417  254    51    48    99  
 2013  06   2013.5   165    11    43    54  
 2013  07  2013.583  134    24    28    52  
 2013  08  2013.667  142    16    41    57  
 2013  09  2013.75   140    19    38    57  
 2013  10  2013.833  243    51    45    96  
 2013  11  2013.917  187    25    49    74  
 2013  12   2014.0   222    23    61    84  
 2014  01  2014.083  203    40    50    90  
 2014  02  2014.167  164    34    42    76  
 2014  03  2014.25   200    44    47    91  
 2014  04  2014.333  221    59    48   107  
 2014  05  2014.417  234    48    66   114  
 2014  06   2014.5   252    46    77   123  
 2014  07  2014.583  190    33    55    88  
 2014  08  2014.667  159    46    34    80  
 2014  09  2014.75   147    43    23    66  
 2014  10  2014.833  209    45    23    68  
 2014  11  2014.917  225    74    24    98  
 2014  12   2015.0   205    53    37    90  
 2015  01  2015.083  178    46    32    78  
 2015  02  2015.167  131    33    25    58  
 2015  03  2015.25   184    52    38    90  
 2015  04  2015.333  193    48    38    86  
 2015  05  2015.417  189    44    41    85  
 2015  06   2015.5   144    27    45    72  
 2015  07  2015.583  177    42    57    99  
 2015  08  2015.667  166    24    64    88  
 2015  09  2015.75   164    22    75    97  
 2015  10  2015.833  167    33    75   108  
 2015  11  2015.917  164    26    59    85  
 2015  12   2016.0   160    37    44    81  
 2016  01  2016.083  169    29    60    89  
 2016  02  2016.167  158    38    45    83  
 2016  03  2016.25   130    33    49    82  
 2016  04  2016.333  120    35    21    56  
 2016  05  2016.417  142    47    38    85  
 2016  06   2016.5   113    27    25    52  
 2016  07  2016.583  111    36    25    61  
 2016  08  2016.667   90    30    19    49  
 2016  09  2016.75    77    28    14    42  
 2016  10  2016.833   88    28    22    50  
 2016  11  2016.917   99    33    34    67  
 2016  12   2017.0    84    22    20    42  
 2017  01  2017.083   70    24    20    44  
 2017  02  2017.167   61    31    16    47  
 2017  03  2017.25    56    18    14    32  
 2017  04  2017.333   90    47    7     54  
 2017  05  2017.417   64    16    17    33  
 2017  06   2017.5    64    12    13    25  
 2017  07  2017.583   70    24    9     33  
 2017  08  2017.667   65    18    11    29  
 2017  09  2017.75    64    11    29    40  
 2017  10  2017.833   70    28    13    41  
 2017  11  2017.917   51    17    11    28  
 2017  12   2018.0    52    22    11    33  
 2018  01  2018.083   37    9     9     18  
 2018  02  2018.167   32    8     7     15  
 2018  03  2018.25    46    9     12    21  
 2018  04  2018.333   48    6     13    19  
 2018  05  2018.417   47    11    8     19  
 2018  06   2018.5    36    8     12    20  
 2018  07  2018.583   39    11    9     20  
 2018  08  2018.667   48    19    8     27  
 2018  09  2018.75    38    9     9     18  
 2018  10  2018.833   40    11    9     20  
 2018  11  2018.917   32    5     9     14  
 2018  12   2019.0    32    3     8     11  
 2019  01  2019.083   48    7     10    17  
 2019  02  2019.167   31    3     9     12  
 2019  03  2019.25    58    11    15    26  
 2019  04  2019.333   38    3     4     7   
 2019  05  2019.417   75    19    20    39  
 2019  06   2019.5    39    4     16    20  
 2019  07  2019.583   57    9     15    24  
 2019  08  2019.667   32    9     10    19  
 2019  09  2019.75    34    5     4     9   
 2019  10  2019.833   48    11    15    26  
 2019  11  2019.917   34    4     11    15  
 2019  12   2020.0    54    12    19    31  
 2020  01  2020.083   43    8     14    22  
 2020  02  2020.167   37    0     9     9   
 2020  03  2020.25    38    4     5     9   
 2020  04  2020.333   33    5     3     8   
 2020  05  2020.417   44    14    17    31  
 2020  06   2020.5    47    13    12    25  
 2020  07  2020.583   50    10    14    24  
 2020  08  2020.667   67    18    18    36  
 2020  09  2020.75    47    6     7     13  
 2020  10  2020.833   56    15    15    30  
 2020  11  2020.917  101    20    23    43  
 2020  12   2021.0    80    17    28    45  
