  1996.0   1.0    1996.083    0.0     1.0     0.5385    1.7692  
  1996.0   2.0    1996.167    0.0     0.0     0.7692    2.2308  
  1996.0   3.0    1996.25     4.0     4.0     1.3077    2.5385  
  1996.0   4.0    1996.333    1.0     4.0     1.6923    2.8462  
  1996.0   5.0    1996.417    1.0     1.0     1.8462    3.2308  
  1996.0   6.0     1996.5     0.0     1.0     2.2308    3.8462  
  1996.0   7.0    1996.583    1.0     6.0     2.5385    4.0769  
  1996.0   8.0    1996.667    3.0     7.0     2.7692    4.4615  
  1996.0   9.0    1996.75     7.0     5.0     2.9231    4.8462  
  1996.0   10.0   1996.833    5.0     5.0     3.3077    4.9231  
  1996.0   11.0   1996.917    2.0     6.0     3.6154    4.8462  
  1996.0   12.0    1997.0     5.0     9.0     4.1538     5.0    
  1997.0   1.0    1997.083    4.0     4.0      5.0      5.1538  
  1997.0   2.0    1997.167    3.0     6.0     5.2308    4.9231  
  1997.0   3.0    1997.25     2.0     5.0     5.9231    5.1538  
  1997.0   4.0    1997.333    9.0     5.0     6.1538    5.2308  
  1997.0   5.0    1997.417    5.0     3.0     6.7692    5.6923  
  1997.0   6.0     1997.5     8.0     3.0     7.2308    5.5385  
  1997.0   7.0    1997.583    11.0    3.0     8.0769    5.5385  
  1997.0   8.0    1997.667    4.0     3.0    10.2308    6.7692  
  1997.0   9.0    1997.75     12.0    10.0   11.4615    7.6923  
  1997.0   10.0   1997.833    10.0    6.0    13.1538     9.0    
  1997.0   11.0   1997.917    13.0    11.0   14.9231   10.5385  
  1997.0   12.0    1998.0     8.0     4.0    16.6923   13.2308  
  1998.0   1.0    1998.083    16.0    9.0    17.0769   13.5385  
  1998.0   2.0    1998.167    32.0    20.0   18.0769   14.6154  
  1998.0   3.0    1998.25     19.0    18.0   18.9231   15.2308  
  1998.0   4.0    1998.333    24.0    22.0   18.6154   15.3846  
  1998.0   5.0    1998.417    32.0    25.0   19.3077   16.7692  
  1998.0   6.0     1998.5     28.0    38.0   19.8462   17.6154  
  1998.0   10.0   1998.833    13.0    7.0    21.6923   18.3077  
  1998.0   11.0   1998.917    24.0    17.0   22.6154   19.6154  
  1998.0   12.0    1999.0     15.0    11.0     23.0    19.7692  
  1999.0   2.0    1999.167    8.0     12.0   24.0769   19.8462  
  1999.0   3.0    1999.25     19.0    24.0   24.8462   19.5385  
  1999.0   4.0    1999.333    20.0    22.0   24.1538   18.7692  
  1999.0   5.0    1999.417    32.0    13.0   22.7692   17.5385  
  1999.0   6.0     1999.5     28.0    26.0   23.2308   18.0769  
  1999.0   7.0    1999.583    37.0    22.0   22.6923   18.3077  
  1999.0   8.0    1999.667    33.0    19.0   23.7692   20.1538  
  1999.0   9.0    1999.75     34.0    18.0     25.0    22.9231  
  1999.0   10.0   1999.833    23.0    15.0   26.1538   23.4615  
  1999.0   11.0   1999.917    10.0    22.0   27.0769   24.5385  
  1999.0   12.0    2000.0     19.0    14.0   28.5385   25.3077  
  2000.0   1.0    2000.083    17.0    20.0   29.3846   25.6923  
  2000.0   2.0    2000.167    29.0    35.0   29.2308   26.3846  
  2000.0   3.0    2000.25     24.0    48.0   29.4615   26.6923  
  2000.0   4.0    2000.333    34.0    31.0   29.3077   27.2308  
  2000.0   5.0    2000.417    32.0    36.0   29.9231     29.0   
  2000.0   6.0     2000.5     51.0    23.0   32.0769   28.6923  
  2000.0   7.0    2000.583    39.0    31.0   32.9231   29.3846  
  2000.0   8.0    2000.667    35.0    31.0   33.3846   28.9231  
  2000.0   9.0    2000.75     36.0    23.0   33.3846   29.5385  
  2000.0   10.0   2000.833    32.0    25.0   33.2308   27.8462  
  2000.0   11.0   2000.917    31.0    38.0   32.3077   27.5385  
  2000.0   12.0    2001.0     38.0    18.0   32.8462   26.8462  
  2001.0   1.0    2001.083    30.0    23.0   30.0769   27.4615  
  2001.0   2.0    2001.167    23.0    14.0   29.2308   27.8462  
  2001.0   3.0    2001.25     29.0    43.0   29.5385   29.1538  
  2001.0   4.0    2001.333    22.0    26.0   30.3077   30.1538  
  2001.0   5.0    2001.417    22.0    27.0   29.8462   29.6154  
  2001.0   6.0     2001.5     39.0    27.0   30.3077   28.5385  
  2001.0   7.0    2001.583    15.0    31.0   29.3846   28.9231  
  2001.0   8.0    2001.667    28.0    36.0   28.3077   28.8462  
  2001.0   9.0    2001.75     39.0    48.0   27.9231   31.7692  
  2001.0   10.0   2001.833    46.0    36.0   27.3077   31.8462  
  2001.0   11.0   2001.917    26.0    18.0   28.4615   32.6923  
  2001.0   12.0    2002.0     37.0    24.0   29.3077     32.0   
  2002.0   1.0    2002.083    26.0    23.0   28.6154   32.3077  
  2002.0   2.0    2002.167    16.0    22.0   29.7692     34.0   
  2002.0   3.0    2002.25     18.0    52.0   30.7692   33.7692  
  2002.0   4.0    2002.333    21.0    44.0   30.7692     33.0   
  2002.0   5.0    2002.417    37.0    37.0   29.3077   33.0769  
  2002.0   6.0     2002.5     33.0    18.0   28.9231   33.4615  
  2002.0   7.0    2002.583    30.0    31.0   28.3077   33.6154  
  2002.0   8.0    2002.667    30.0    53.0   28.0769   33.5385  
  2002.0   9.0    2002.75     41.0    33.0   29.4615   33.3077  
  2002.0   10.0   2002.833    39.0    38.0   32.0769   31.5385  
  2002.0   11.0   2002.917    27.0    37.0   32.6923   29.4615  
  2002.0   12.0    2003.0     21.0    23.0   31.8462   27.6923  
  2003.0   1.0    2003.083    29.0    26.0   30.8462     27.0   
  2003.0   2.0    2003.167    23.0    22.0   30.5385   26.4615  
  2003.0   3.0    2003.25     34.0    19.0   29.7692   23.6154  
  2003.0   4.0    2003.333    52.0    29.0   29.0769   23.3846  
  2003.0   5.0    2003.417    29.0    17.0   27.3846   22.4615  
  2003.0   6.0     2003.5     26.0    14.0   26.0769   20.7692  
  2003.0   7.0    2003.583    20.0    9.0      26.0    20.6923  
  2003.0   8.0    2003.667    26.0    24.0   25.2308   20.5385  
  2003.0   9.0    2003.75     20.0    16.0   24.6154   21.9231  
  2003.0   10.0   2003.833    32.0    30.0   23.0769   22.5385  
  2003.0   11.0   2003.917    17.0    26.0   20.2308   24.1538  
  2003.0   12.0    2004.0     10.0    15.0   20.3846     25.0   
  2004.0   1.0    2004.083    20.0    22.0     20.0    26.0769  
  2004.0   2.0    2004.167    19.0    24.0   19.6154   26.3846  
  2004.0   3.0    2004.25     15.0    40.0   18.2308   25.9231  
  2004.0   4.0    2004.333    14.0    27.0   19.0769   26.8462  
  2004.0   5.0    2004.417    15.0    50.0   17.3846   26.3846  
  2004.0   6.0     2004.5     31.0    28.0     17.0    26.0769  
  2004.0   7.0    2004.583    21.0    28.0   17.8462   27.2308  
  2004.0   8.0    2004.667    15.0    13.0   17.4615   28.0769  
  2004.0   9.0    2004.75     8.0     18.0   17.4615   28.3846  
  2004.0   10.0   2004.833    31.0    28.0   17.3846   27.7692  
  2004.0   11.0   2004.917    10.0    24.0   18.6154   29.6154  
  2004.0   12.0    2005.0     12.0    22.0     20.0    27.6154  
  2005.0   1.0    2005.083    21.0    30.0   21.2308     28.0   
  2005.0   2.0    2005.167    15.0    33.0   21.7692   28.3077  
  2005.0   3.0    2005.25     19.0    28.0   22.0769   28.7692  
  2005.0   4.0    2005.333    14.0    32.0   22.6154   28.6154  
  2005.0   5.0    2005.417    30.0    51.0   21.3846   27.6923  
  2005.0   6.0     2005.5     33.0    24.0   22.4615   27.3846  
  2005.0   7.0    2005.583    47.0    33.0   23.3846   28.9231  
  2005.0   8.0    2005.667    28.0    32.0     23.0    28.5385  
  2005.0   9.0    2005.75     19.0    19.0   22.6154   27.7692  
  2005.0   10.0   2005.833    15.0    16.0   22.6923   27.7692  
  2005.0   11.0   2005.917    15.0    16.0   23.2308   28.8462  
  2005.0   12.0    2006.0     24.0    20.0   22.4615   27.9231  
  2006.0   1.0    2006.083    24.0    42.0   21.8462   29.5385  
  2006.0   2.0    2006.167    16.0    25.0   19.6154   31.0769  
  2006.0   3.0    2006.25     10.0    23.0   19.0769   31.6923  
  2006.0   4.0    2006.333    20.0    28.0   18.1538   32.4615  
  2006.0   5.0    2006.417    21.0    46.0   18.2308   33.7692  
  2006.0   6.0     2006.5     20.0    39.0   17.8462   34.0769  
  2006.0   7.0    2006.583    25.0    45.0   18.3077   35.3077  
  2006.0   8.0    2006.667    18.0    53.0   18.0769   34.3077  
  2006.0   9.0    2006.75     21.0    40.0     20.0    35.3077  
  2006.0   10.0   2006.833    7.0     29.0   23.5385   37.5385  
  2006.0   11.0   2006.917    16.0    33.0   25.3846   38.8462  
  2006.0   12.0    2007.0     10.0    20.0   27.7692   39.5385  
  2007.0   1.0    2007.083    30.0    36.0   29.0769   40.7692  
  2007.0   2.0    2007.167    21.0    29.0   28.7692   41.3077  
  2007.0   3.0    2007.25     41.0    38.0   29.7692   41.5385  
  2007.0   4.0    2007.333    56.0    52.0   30.1538   40.5385  
  2007.0   5.0    2007.417    44.0    45.0   31.1538   40.1538  
  2007.0   6.0     2007.5     52.0    55.0     31.0    40.3077  
  2007.0   7.0    2007.583    37.0    55.0     32.0    40.9231  
  2007.0   8.0    2007.667    21.0    52.0   31.3846   39.1538  
  2007.0   9.0    2007.75     31.0    56.0   30.9231   39.6923  
  2007.0   10.0   2007.833    26.0    27.0   29.3846   38.1538  
  2007.0   11.0   2007.917    20.0    24.0   26.3077   36.1538  
  2007.0   12.0    2008.0     14.0    35.0   23.7692   34.8462  
  2008.0   1.0    2008.083    23.0    28.0     21.0    32.3077  
  2008.0   2.0    2008.167    22.0    13.0   19.2308     29.0   
  2008.0   3.0    2008.25     15.0    36.0   18.6154   26.5385  
  2008.0   4.0    2008.333    21.0    18.0     18.0    23.4615  
  2008.0   5.0    2008.417    16.0    26.0   17.5385   21.8462  
  2008.0   6.0     2008.5     11.0    28.0   17.6154   21.1538  
  2008.0   7.0    2008.583    16.0    22.0   17.3077   19.3846  
  2008.0   8.0    2008.667    14.0    12.0   16.7692   17.7692  
  2008.0   9.0    2008.75     13.0    20.0   16.2308   17.8462  
  2008.0   10.0   2008.833    23.0    16.0   16.2308   15.3077  
  2008.0   11.0   2008.917    20.0    6.0    15.5385     15.0   
  2008.0   12.0    2009.0     21.0    15.0   15.6154   14.0769  
  2009.0   1.0    2009.083    10.0    12.0   16.1538   12.2308  
  2009.0   2.0    2009.167    16.0    7.0    15.6923   11.4615  
  2009.0   3.0    2009.25     15.0    14.0     16.0    11.8462  
  2009.0   4.0    2009.333    15.0    3.0    15.8462   11.3077  
  2009.0   5.0    2009.417    12.0    14.0   15.3077   10.7692  
  2009.0   6.0     2009.5     17.0    14.0     15.0    11.2308  
  2009.0   7.0    2009.583    18.0    4.0    14.2308   11.6923  
  2009.0   8.0    2009.667    10.0    12.0   15.0769   12.2308  
  2009.0   9.0    2009.75     18.0    17.0   15.3846   13.3077  
  2009.0   10.0   2009.833    11.0    13.0   15.8462   14.4615  
  2009.0   11.0   2009.917    16.0    9.0    16.3077   17.0769  
  2009.0   12.0    2010.0     16.0    12.0   17.9231     19.0   
  2010.0   1.0    2010.083    11.0    21.0   18.2308   20.0769  
  2010.0   2.0    2010.167    21.0    19.0   18.5385   22.0769  
  2010.0   3.0    2010.25     20.0    21.0     19.0    23.3077  
  2010.0   4.0    2010.333    21.0    29.0   18.9231   23.2308  
  2010.0   5.0    2010.417    21.0    37.0   20.3077   25.1538  
  2010.0   6.0     2010.5     33.0    39.0   21.3846   26.8462  
  2010.0   7.0    2010.583    21.0    28.0   21.6923   27.6923  
  2010.0   8.0    2010.667    22.0    30.0   22.8462   26.5385  
  2010.0   9.0    2010.75     16.0    28.0   25.0769   28.3846  
  2010.0   10.0   2010.833    17.0    16.0   27.8462   29.8462  
  2010.0   11.0   2010.917    29.0    38.0   30.7692   31.5385  
  2010.0   12.0    2011.0     30.0    31.0   32.6154   32.3077  
  2011.0   1.0    2011.083    20.0    23.0     33.0    31.1538  
  2011.0   2.0    2011.167    26.0    6.0      34.0    30.4615  
  2011.0   3.0    2011.25     50.0    43.0   37.6923   31.1538  
  2011.0   4.0    2011.333    56.0    40.0   40.3077   32.7692  
  2011.0   5.0    2011.417    59.0    51.0   44.1538   33.6154  
  2011.0   6.0     2011.5     45.0    47.0   45.9231   34.7692  
  2011.0   7.0    2011.583    38.0    24.0   46.8462   34.3077  
  2011.0   8.0    2011.667    34.0    19.0   47.3077   34.2308  
  2011.0   9.0    2011.75     70.0    39.0   47.5385   35.9231  
  2011.0   10.0   2011.833    50.0    49.0   46.2308   37.3077  
  2011.0   11.0   2011.917    67.0    27.0   45.2308   37.1538  
  2011.0   12.0    2012.0     52.0    53.0   44.8462   37.3077  
  2012.0   1.0    2012.083    42.0    25.0   43.9231   38.2308  
  2012.0   2.0    2012.167    26.0    22.0     45.0    38.6923  
  2012.0   3.0    2012.25     29.0    28.0   46.3846   38.6923  
  2012.0   4.0    2012.333    33.0    61.0   43.3846   37.8462  
  2012.0   5.0    2012.417    43.0    38.0   43.3077   36.8462  
  2012.0   6.0     2012.5     54.0    53.0   41.6154   38.9231  
  2012.0   7.0    2012.583    33.0    59.0   43.3077   38.2308  
  2012.0   8.0    2012.667    52.0    30.0   43.6154   39.3846  
  2012.0   9.0    2012.75     52.0    19.0   43.5385   41.3846  
  2012.0   10.0   2012.833    31.0    28.0   44.1538   43.3846  
  2012.0   11.0   2012.917    49.0    36.0   45.5385   42.3846  
  2012.0   12.0    2013.0     45.0    54.0   43.0769   42.7692  
  2013.0   1.0    2013.083    74.0    44.0   40.7692   40.8462  
  2013.0   2.0    2013.167    46.0    40.0   39.4615   39.4615  
  2013.0   3.0    2013.25     25.0    48.0   36.9231   40.0769  
  2013.0   4.0    2013.333    37.0    54.0   36.8462   42.0769  
  2013.0   5.0    2013.417    51.0    48.0   36.3846   43.6923  
  2013.0   6.0     2013.5     11.0    43.0   34.3846   45.6154  
  2013.0   7.0    2013.583    24.0    28.0     34.0    45.3077  
  2013.0   8.0    2013.667    16.0    41.0   30.9231   45.1538  
  2013.0   9.0    2013.75     19.0    38.0   30.7692   45.6923  
  2013.0   10.0   2013.833    51.0    45.0   33.3846   45.6923  
  2013.0   11.0   2013.917    25.0    49.0   34.2308   46.6154  
  2013.0   12.0    2014.0     23.0    61.0   33.8462   48.8462  
  2014.0   1.0    2014.083    40.0    50.0   35.5385   49.7692  
  2014.0   2.0    2014.167    34.0    42.0   37.2308   50.2308  
  2014.0   3.0    2014.25     44.0    47.0   39.3077   48.8462  
  2014.0   4.0    2014.333    59.0    48.0   41.3077   47.6923  
  2014.0   5.0    2014.417    48.0    66.0   43.0769   46.0769  
  2014.0   6.0     2014.5     46.0    77.0   45.2308   45.1538  
  2014.0   7.0    2014.583    33.0    55.0     47.0    42.9231  
  2014.0   8.0    2014.667    46.0    34.0   46.4615     41.0   
  2014.0   9.0    2014.75     43.0    23.0   47.8462   40.6923  
  2014.0   10.0   2014.833    45.0    23.0   48.1538     40.0   
  2014.0   11.0   2014.917    74.0    24.0     47.0    39.4615  
  2014.0   12.0    2015.0     53.0    37.0   45.3846   37.8462  
  2015.0   1.0    2015.083    46.0    32.0   45.0769   36.3077  
  2015.0   2.0    2015.167    33.0    25.0   44.3846     37.0   
  2015.0   3.0    2015.25     52.0    38.0   42.5385   40.1538  
  2015.0   4.0    2015.333    48.0    38.0   41.7692   44.1538  
  2015.0   5.0    2015.417    44.0    41.0   40.3077   46.9231  
  2015.0   6.0     2015.5     27.0    45.0   37.4615   48.4615  
  2015.0   7.0    2015.583    42.0    57.0   35.6154   50.2308  
  2015.0   8.0    2015.667    24.0    64.0     35.0    51.2308  
  2015.0   9.0    2015.75     22.0    75.0     35.0    53.0769  
  2015.0   10.0   2015.833    33.0    75.0   33.6923   51.7692  
  2015.0   11.0   2015.917    26.0    59.0   33.6154   51.7692  
  2015.0   12.0    2016.0     37.0    44.0   32.3077   50.5385  
  2016.0   1.0    2016.083    29.0    60.0     33.0      49.0   
  2016.0   2.0    2016.167    38.0    45.0   32.0769   46.0769  
  2016.0   3.0    2016.25     33.0    49.0   32.3846   42.2308  
  2016.0   4.0    2016.333    35.0    21.0   32.8462   38.1538  
  2016.0   5.0    2016.417    47.0    38.0   32.8462     35.0   
  2016.0   6.0     2016.5     27.0    25.0   32.5385     32.0   
  2016.0   7.0    2016.583    36.0    25.0   31.5385   30.1538  
  2016.0   8.0    2016.667    30.0    19.0   31.6923   26.7692  
  2016.0   9.0    2016.75     28.0    14.0   30.1538   24.3846  
  2016.0   10.0   2016.833    28.0    22.0   31.2308   21.1538  
  2016.0   11.0   2016.917    33.0    34.0   29.7692   20.8462  
  2016.0   12.0    2017.0     22.0    20.0   27.0769   18.9231  
  2017.0   1.0    2017.083    24.0    20.0   26.8462   17.6923  
  2017.0   2.0    2017.167    31.0    16.0   25.4615   16.6154  
  2017.0   3.0    2017.25     18.0    14.0     24.0    17.3846  
  2017.0   4.0    2017.333    47.0    7.0      24.0    17.3077  
  2017.0   5.0    2017.417    16.0    17.0   23.1538   16.4615  
  2017.0   6.0     2017.5     12.0    13.0   22.3077   14.6923  
  2017.0   7.0    2017.583    24.0    9.0    21.3077   13.8462  
  2017.0   8.0    2017.667    18.0    11.0   20.0769   12.8462  
  2017.0   9.0    2017.75     11.0    29.0   18.3846   12.5385  
  2017.0   10.0   2017.833    28.0    13.0   17.4615   12.4615  
  2017.0   11.0   2017.917    17.0    11.0   14.6923   12.5385  
  2017.0   12.0    2018.0     22.0    11.0   14.0769   12.1538  
  2018.0   1.0    2018.083    9.0     9.0      14.0    11.8462  
  2018.0   2.0    2018.167    8.0     7.0    13.6154   11.7692  
  2018.0   3.0    2018.25     9.0     12.0   12.9231   11.6154  
  2018.0   4.0    2018.333    6.0     13.0   12.9231   10.0769  
  2018.0   5.0    2018.417    11.0    8.0    11.1538    9.7692  
  2018.0   6.0     2018.5     8.0     12.0   10.0769    9.5385  
  2018.0   7.0    2018.583    11.0    9.0     8.9231    9.4615  
  2018.0   8.0    2018.667    19.0    8.0     8.4615    9.4615  
  2018.0   9.0    2018.75     9.0     9.0     8.6923   10.0769  
  2018.0   10.0   2018.833    11.0    9.0     8.2308    9.4615  
  2018.0   11.0   2018.917    5.0     9.0     9.2308     10.0   
  2018.0   12.0    2019.0     3.0     8.0     8.6923   10.6154  
  2019.0   1.0    2019.083    7.0     10.0    8.7692   10.8462  
  2019.0   2.0    2019.167    3.0     9.0     8.6154   10.9231  
  2019.0   3.0    2019.25     11.0    15.0    7.5385   10.6154  
  2019.0   4.0    2019.333    3.0     4.0     7.6923   11.0769  
  2019.0   5.0    2019.417    19.0    20.0    7.1538   11.2308  
  2019.0   6.0     2019.5     4.0     16.0    7.6923     12.0   
  2019.0   7.0    2019.583    9.0     15.0    8.0769   12.4615  
  2019.0   8.0    2019.667    9.0     10.0    7.5385   12.3846  
  2019.0   9.0    2019.75     5.0     4.0     7.6154   12.0769  
  2019.0   10.0   2019.833    11.0    15.0    7.1538   11.1538  
  2019.0   11.0   2019.917    4.0     11.0     8.0     12.1538  
  2019.0   12.0    2020.0     12.0    19.0    7.5385   11.5385  
  2020.0   1.0    2020.083    8.0     14.0     8.0     11.3846  
  2020.0   2.0    2020.167    0.0     9.0     8.6923   11.6154  
  2020.0   3.0    2020.25     4.0     5.0     8.4615   11.3846  
  2020.0   4.0    2020.333    5.0     3.0     9.2308   12.2308  
  2020.0   5.0    2020.417    14.0    17.0    9.9231   12.8462  
  2020.0   6.0     2020.5     13.0    12.0   10.9231   14.1538  
  2020.0   7.0    2020.583    10.0    14.0   11.3077   14.8462  
  2020.0   8.0    2020.667    18.0    18.0     12.0    15.9231  
  2020.0   9.0    2020.75     6.0     7.0    13.3077   17.3846  
  2020.0   10.0   2020.833    15.0    15.0   14.3077   19.1538  
  2020.0   11.0   2020.917    20.0    23.0   15.2308   21.0769  
  2020.0   12.0    2021.0     17.0    28.0   15.4615   21.9231  
