  1996.0   1.0    1996.083    0.0     0.0      0.0      0.0769  
  1996.0   2.0    1996.167    0.0     0.0      0.0      0.2308  
  1996.0   3.0    1996.25     0.0     0.0      0.0      0.3077  
  1996.0   4.0    1996.333    0.0     0.0      0.0      0.4615  
  1996.0   5.0    1996.417    0.0     0.0     0.1538    0.4615  
  1996.0   6.0     1996.5     0.0     0.0     0.2308    0.4615  
  1996.0   7.0    1996.583    0.0     1.0     0.2308    0.4615  
  1996.0   8.0    1996.667    0.0     2.0     0.2308    0.5385  
  1996.0   9.0    1996.75     0.0     1.0     0.3077    0.5385  
  1996.0   10.0   1996.833    0.0     2.0     0.3077    0.6154  
  1996.0   11.0   1996.917    2.0     0.0     0.3077    0.6154  
  1996.0   12.0    1997.0     1.0     0.0     0.3077    0.6154  
  1997.0   1.0    1997.083    0.0     0.0     0.3077    0.6154  
  1997.0   2.0    1997.167    0.0     1.0     0.5385    0.5385  
  1997.0   3.0    1997.25     1.0     0.0     0.5385    0.4615  
  1997.0   4.0    1997.333    0.0     1.0     0.5385    0.3846  
  1997.0   5.0    1997.417    0.0     0.0     0.5385    0.2308  
  1997.0   6.0     1997.5     0.0     0.0     0.5385    0.3846  
  1997.0   7.0    1997.583    0.0     0.0     0.7692    0.4615  
  1997.0   8.0    1997.667    3.0     0.0      1.0      0.4615  
  1997.0   9.0    1997.75     0.0     1.0     1.1538    0.6154  
  1997.0   10.0   1997.833    0.0     0.0     1.6154    0.6923  
  1997.0   11.0   1997.917    0.0     0.0      2.0      1.0769  
  1997.0   12.0    1998.0     2.0     2.0     2.3846    1.7692  
  1998.0   1.0    1998.083    4.0     1.0     2.4615    1.8462  
  1998.0   2.0    1998.167    3.0     0.0     2.7692    2.3846  
  1998.0   3.0    1998.25     2.0     3.0     2.8462    2.6923  
  1998.0   4.0    1998.333    7.0     1.0      3.0       3.0    
  1998.0   5.0    1998.417    5.0     6.0     4.0769    3.6923  
  1998.0   6.0     1998.5     5.0     9.0     4.7692     4.0    
  1998.0   10.0   1998.833    1.0     1.0     5.5385    4.0769  
  1998.0   11.0   1998.917    4.0     7.0     6.2308    4.3077  
  1998.0   12.0    1999.0     4.0     4.0     7.5385    4.6154  
  1999.0   2.0    1999.167    2.0     5.0     8.6923    5.3846  
  1999.0   3.0    1999.25     14.0    9.0     9.8462    5.6923  
  1999.0   4.0    1999.333    9.0     4.0    10.0769    5.5385  
  1999.0   5.0    1999.417    12.0    3.0    10.0769    5.5385  
  1999.0   6.0     1999.5     13.0    4.0    10.8462    5.9231  
  1999.0   7.0    1999.583    20.0    4.0    11.4615    6.2308  
  1999.0   8.0    1999.667    17.0    13.0   12.3846    6.8462  
  1999.0   9.0    1999.75     22.0    5.0    13.5385    7.4615  
  1999.0   10.0   1999.833    8.0     4.0    13.5385    8.1538  
  1999.0   11.0   1999.917    5.0     9.0    14.1538    9.1538  
  1999.0   12.0    2000.0     11.0    6.0    15.6923   10.0769  
  2000.0   1.0    2000.083    12.0    11.0   15.8462   10.9231  
  2000.0   2.0    2000.167    16.0    12.0   15.7692   11.5385  
  2000.0   3.0    2000.25     17.0    13.0   16.4615   11.7692  
  2000.0   4.0    2000.333    14.0    18.0   15.2308   12.6154  
  2000.0   5.0    2000.417    17.0    17.0   15.8462   13.2308  
  2000.0   6.0     2000.5     32.0    15.0   15.7692   13.2308  
  2000.0   7.0    2000.583    15.0    15.0   15.0769   13.7692  
  2000.0   8.0    2000.667    19.0    12.0   14.4615   13.6154  
  2000.0   9.0    2000.75     26.0    16.0   14.0769   13.9231  
  2000.0   10.0   2000.833    6.0     16.0   13.2308   14.3846  
  2000.0   11.0   2000.917    16.0    12.0   12.6923   14.0769  
  2000.0   12.0    2001.0     4.0     9.0    11.8462   13.5385  
  2001.0   1.0    2001.083    2.0     13.0    9.8462   13.2308  
  2001.0   2.0    2001.167    4.0     9.0     9.3846   12.9231  
  2001.0   3.0    2001.25     11.0    16.0    8.4615   13.0769  
  2001.0   4.0    2001.333    6.0     19.0    7.3846   12.5385  
  2001.0   5.0    2001.417    7.0     14.0    7.6923   11.9231  
  2001.0   6.0     2001.5     6.0     10.0    6.9231   11.8462  
  2001.0   7.0    2001.583    6.0     11.0    7.6923   11.3846  
  2001.0   8.0    2001.667    9.0     11.0     8.0     10.9231  
  2001.0   9.0    2001.75     7.0     14.0    8.6154   12.0769  
  2001.0   10.0   2001.833    12.0    9.0     8.3077   13.6154  
  2001.0   11.0   2001.917    10.0    8.0     8.3077   12.6154  
  2001.0   12.0    2002.0     6.0     11.0     8.0     12.4615  
  2002.0   1.0    2002.083    14.0    3.0     8.2308   13.4615  
  2002.0   2.0    2002.167    6.0     7.0     8.3077   14.0769  
  2002.0   3.0    2002.25     12.0    24.0    8.1538   14.4615  
  2002.0   4.0    2002.333    7.0     36.0    8.1538   14.9231  
  2002.0   5.0    2002.417    6.0     6.0     8.1538   15.3846  
  2002.0   6.0     2002.5     3.0     12.0    7.6923   15.0769  
  2002.0   7.0    2002.583    9.0     23.0    8.5385   14.8462  
  2002.0   8.0    2002.667    7.0     19.0    7.8462   14.9231  
  2002.0   9.0    2002.75     7.0     16.0    7.8462   14.8462  
  2002.0   10.0   2002.833    7.0     20.0    7.3077     14.0   
  2002.0   11.0   2002.917    12.0    15.0    7.5385   12.5385  
  2002.0   12.0    2003.0     4.0     4.0     7.5385   12.3846  
  2003.0   1.0    2003.083    17.0    8.0     7.7692   11.6923  
  2003.0   2.0    2003.167    5.0     4.0     7.4615   10.0769  
  2003.0   3.0    2003.25     6.0     6.0     7.6154    9.3077  
  2003.0   4.0    2003.333    5.0     13.0    7.4615    8.4615  
  2003.0   5.0    2003.417    10.0    17.0     7.0      7.1538  
  2003.0   6.0     2003.5     6.0     4.0     6.2308    6.4615  
  2003.0   7.0    2003.583    6.0     3.0      6.0      6.7692  
  2003.0   8.0    2003.667    5.0     2.0     5.2308    6.3077  
  2003.0   9.0    2003.75     9.0     9.0     5.3846    6.4615  
  2003.0   10.0   2003.833    5.0     5.0     5.1538    6.4615  
  2003.0   11.0   2003.917    1.0     3.0     5.2308    5.8462  
  2003.0   12.0    2004.0     2.0     6.0     5.1538    4.7692  
  2004.0   1.0    2004.083    1.0     8.0     5.2308     5.0    
  2004.0   2.0    2004.167    7.0     2.0     4.8462    5.2308  
  2004.0   3.0    2004.25     7.0     6.0     4.4615    5.2308  
  2004.0   4.0    2004.333    3.0     6.0     4.3077    4.6923  
  2004.0   5.0    2004.417    6.0     5.0     4.4615    4.3846  
  2004.0   6.0     2004.5     9.0     3.0     4.7692    4.3077  
  2004.0   7.0    2004.583    7.0     7.0     5.1538    4.3846  
  2004.0   8.0    2004.667    1.0     6.0     5.4615    4.4615  
  2004.0   9.0    2004.75     0.0     2.0     5.7692    4.4615  
  2004.0   10.0   2004.833    7.0     2.0     5.8462    4.6923  
  2004.0   11.0   2004.917    7.0     1.0     6.4615    4.7692  
  2004.0   12.0    2005.0     5.0     2.0     6.1538    4.7692  
  2005.0   1.0    2005.083    7.0     7.0     5.7692    4.6154  
  2005.0   2.0    2005.167    5.0     9.0     6.0769    4.2308  
  2005.0   3.0    2005.25     11.0    2.0     6.2308    4.2308  
  2005.0   4.0    2005.333    8.0     9.0     6.7692     5.0    
  2005.0   5.0    2005.417    11.0    7.0     6.7692    5.8462  
  2005.0   6.0     2005.5     2.0     5.0     6.5385    6.6154  
  2005.0   7.0    2005.583    4.0     1.0     6.2308    7.0769  
  2005.0   8.0    2005.667    11.0    2.0     5.9231    6.6154  
  2005.0   9.0    2005.75     3.0     6.0     5.6923    5.9231  
  2005.0   10.0   2005.833    7.0     12.0    5.0769    5.9231  
  2005.0   11.0   2005.917    7.0     13.0    4.5385    5.3077  
  2005.0   12.0    2006.0     4.0     11.0    3.9231    4.7692  
  2006.0   1.0    2006.083    1.0     8.0     4.3077    5.1538  
  2006.0   2.0    2006.167    3.0     1.0     4.2308    5.4615  
  2006.0   3.0    2006.25     2.0     0.0     3.4615    5.7692  
  2006.0   4.0    2006.333    3.0     2.0     3.6154    5.4615  
  2006.0   5.0    2006.417    1.0     1.0     3.5385    4.7692  
  2006.0   6.0     2006.5     3.0     0.0     3.2308    4.0769  
  2006.0   7.0    2006.583    7.0     10.0    3.1538    3.5385  
  2006.0   8.0    2006.667    3.0     5.0     3.4615    3.1538  
  2006.0   9.0    2006.75     1.0     6.0     3.9231    3.8462  
  2006.0   10.0   2006.833    5.0     2.0     4.3846    4.3077  
  2006.0   11.0   2006.917    6.0     3.0     4.4615    4.5385  
  2006.0   12.0    2007.0     3.0     4.0     4.9231    5.1538  
  2007.0   1.0    2007.083    3.0     4.0     5.2308    5.6923  
  2007.0   2.0    2007.167    5.0     3.0     5.3077    5.1538  
  2007.0   3.0    2007.25     9.0     10.0    5.5385    5.2308  
  2007.0   4.0    2007.333    8.0     6.0     6.0769     5.0    
  2007.0   5.0    2007.417    4.0     5.0     6.2308    5.5385  
  2007.0   6.0     2007.5     7.0     9.0     7.2308     6.0    
  2007.0   7.0    2007.583    7.0     7.0     7.6154    6.2308  
  2007.0   8.0    2007.667    8.0     3.0     7.8462    6.2308  
  2007.0   9.0    2007.75     6.0     6.0     8.5385    6.5385  
  2007.0   10.0   2007.833    8.0     3.0     8.7692    6.3846  
  2007.0   11.0   2007.917    7.0     9.0     8.3846    6.2308  
  2007.0   12.0    2008.0     19.0    9.0     8.8462    6.5385  
  2008.0   1.0    2008.083    8.0     7.0     9.3077    6.6923  
  2008.0   2.0    2008.167    6.0     4.0     9.2308    6.6923  
  2008.0   3.0    2008.25     14.0    7.0     9.2308    6.8462  
  2008.0   4.0    2008.333    12.0    8.0     9.4615     7.0    
  2008.0   5.0    2008.417    3.0     4.0     9.2308    7.3846  
  2008.0   6.0     2008.5     10.0    9.0     9.8462    7.4615  
  2008.0   7.0    2008.583    13.0    11.0    9.2308    7.5385  
  2008.0   8.0    2008.667    6.0     7.0     9.1538    7.3846  
  2008.0   9.0    2008.75     8.0     5.0     9.4615    7.2308  
  2008.0   10.0   2008.833    9.0     8.0     9.3077    7.3846  
  2008.0   11.0   2008.917    5.0     8.0     8.9231    6.9231  
  2008.0   12.0    2009.0     15.0    10.0    9.4615    7.3846  
  2009.0   1.0    2009.083    11.0    10.0    9.2308    7.0769  
  2009.0   2.0    2009.167    7.0     5.0     8.9231    6.4615  
  2009.0   3.0    2009.25     10.0    2.0    10.0769    6.5385  
  2009.0   4.0    2009.333    12.0    9.0    10.1538    6.8462  
  2009.0   5.0    2009.417    7.0     2.0     9.9231    6.3846  
  2009.0   6.0     2009.5     10.0    10.0   10.3077    6.6154  
  2009.0   7.0    2009.583    7.0     5.0     9.8462    6.1538  
  2009.0   8.0    2009.667    9.0     3.0     9.2308    5.3846  
  2009.0   9.0    2009.75     21.0    8.0     9.2308    5.2308  
  2009.0   10.0   2009.833    9.0     9.0     8.8462    5.0769  
  2009.0   11.0   2009.917    6.0     2.0     8.6923    4.7692  
  2009.0   12.0    2010.0     10.0    11.0    8.4615    4.7692  
  2010.0   1.0    2010.083    9.0     4.0     8.2308    4.2308  
  2010.0   2.0    2010.167    3.0     0.0     8.3077    4.1538  
  2010.0   3.0    2010.25     7.0     3.0     8.3077    4.1538  
  2010.0   4.0    2010.333    5.0     0.0     7.3077    3.8462  
  2010.0   5.0    2010.417    10.0    5.0     7.4615     4.0    
  2010.0   6.0     2010.5     4.0     2.0     7.5385    4.2308  
  2010.0   7.0    2010.583    7.0     3.0     7.6154    3.6923  
  2010.0   8.0    2010.667    8.0     4.0     7.7692    3.6154  
  2010.0   9.0    2010.75     9.0     3.0     8.5385    4.6923  
  2010.0   10.0   2010.833    8.0     4.0      10.0     5.3077  
  2010.0   11.0   2010.917    11.0    11.0     11.0     5.8462  
  2010.0   12.0    2011.0     7.0     5.0    11.6923    5.9231  
  2011.0   1.0    2011.083    11.0    4.0    12.0769    6.2308  
  2011.0   2.0    2011.167    11.0    3.0    13.5385    6.5385  
  2011.0   3.0    2011.25     13.0    14.0   14.0769    6.4615  
  2011.0   4.0    2011.333    26.0    11.0   16.3846    6.6154  
  2011.0   5.0    2011.417    18.0    7.0    17.0769    6.6154  
  2011.0   6.0     2011.5     19.0    6.0    17.9231    6.1538  
  2011.0   7.0    2011.583    9.0     6.0    19.1538    6.0769  
  2011.0   8.0    2011.667    26.0    7.0    20.4615    6.0769  
  2011.0   9.0    2011.75     15.0    3.0    21.6154    6.3077  
  2011.0   10.0   2011.833    39.0    5.0    21.9231    5.9231  
  2011.0   11.0   2011.917    17.0    4.0    21.1538     6.0    
  2011.0   12.0    2012.0     22.0    5.0    21.5385    6.8462  
  2012.0   1.0    2012.083    23.0    4.0    22.9231    8.5385  
  2012.0   2.0    2012.167    28.0    4.0    24.2308    8.6154  
  2012.0   3.0    2012.25     26.0    6.0    24.5385    9.1538  
  2012.0   4.0    2012.333    17.0    9.0    25.1538    9.6923  
  2012.0   5.0    2012.417    16.0    12.0   23.3846     11.0   
  2012.0   6.0     2012.5     23.0    18.0   24.6154   12.0769  
  2012.0   7.0    2012.583    37.0    28.0   24.5385   12.8462  
  2012.0   8.0    2012.667    26.0    7.0    24.5385   14.0769  
  2012.0   9.0    2012.75     30.0    14.0   24.7692   14.8462  
  2012.0   10.0   2012.833    23.0    10.0   25.2308   15.6154  
  2012.0   11.0   2012.917    16.0    22.0   26.8462   16.8462  
  2012.0   12.0    2013.0     33.0    18.0   27.3846   18.4615  
  2013.0   1.0    2013.083    21.0    15.0   27.2308   18.2308  
  2013.0   2.0    2013.167    23.0    20.0   25.8462     18.0   
  2013.0   3.0    2013.25     31.0    14.0   24.7692   18.8462  
  2013.0   4.0    2013.333    32.0    16.0   23.6154   19.9231  
  2013.0   5.0    2013.417    38.0    25.0   23.8462   21.3846  
  2013.0   6.0     2013.5     23.0    33.0   24.0769   21.8462  
  2013.0   7.0    2013.583    21.0    15.0   22.3077     22.0   
  2013.0   8.0    2013.667    19.0    25.0   21.3846   23.1538  
  2013.0   9.0    2013.75     12.0    18.0   20.6154   23.3077  
  2013.0   10.0   2013.833    15.0    28.0   19.7692   24.6923  
  2013.0   11.0   2013.917    26.0    29.0     19.0    25.0769  
  2013.0   12.0    2014.0     19.0    28.0   17.3846     25.0   
  2014.0   1.0    2014.083    10.0    20.0   16.9231   24.4615  
  2014.0   2.0    2014.167    9.0     30.0   16.1538   24.3846  
  2014.0   3.0    2014.25     13.0    22.0   16.3846   23.1538  
  2014.0   4.0    2014.333    20.0    32.0   17.2308   24.2308  
  2014.0   5.0    2014.417    22.0    21.0   18.5385   22.9231  
  2014.0   6.0     2014.5     17.0    24.0   19.4615   21.4615  
  2014.0   7.0    2014.583    17.0    26.0   20.0769   19.9231  
  2014.0   8.0    2014.667    11.0    14.0   20.2308   19.6154  
  2014.0   9.0    2014.75     22.0    9.0    20.6154   18.2308  
  2014.0   10.0   2014.833    23.0    32.0   21.8462   17.1538  
  2014.0   11.0   2014.917    32.0    11.0   22.7692   15.1538  
  2014.0   12.0    2015.0     38.0    10.0   22.3846   14.1538  
  2015.0   1.0    2015.083    27.0    8.0    23.0769   12.8462  
  2015.0   2.0    2015.167    12.0    16.0   23.4615   11.4615  
  2015.0   3.0    2015.25     14.0    12.0   23.6923   10.9231  
  2015.0   4.0    2015.333    29.0    8.0    23.5385   10.4615  
  2015.0   5.0    2015.417    32.0    6.0    23.1538    8.1538  
  2015.0   6.0     2015.5     17.0    8.0    21.5385    8.0769  
  2015.0   7.0    2015.583    26.0    7.0    20.3077    8.1538  
  2015.0   8.0    2015.667    22.0    8.0    19.1538    8.3846  
  2015.0   9.0    2015.75     14.0    7.0    19.4615    7.3846  
  2015.0   10.0   2015.833    20.0    3.0      20.0     6.6154  
  2015.0   11.0   2015.917    18.0    2.0    18.5385    6.0769  
  2015.0   12.0    2016.0     11.0    10.0   17.1538    6.2308  
  2016.0   1.0    2016.083    22.0    11.0   16.7692    5.8462  
  2016.0   2.0    2016.167    12.0    11.0   15.1538    5.3077  
  2016.0   3.0    2016.25     16.0    3.0    13.4615    4.8462  
  2016.0   4.0    2016.333    21.0    2.0    12.7692    4.8462  
  2016.0   5.0    2016.417    10.0    1.0    11.4615    4.6154  
  2016.0   6.0     2016.5     14.0    8.0    10.8462    4.6154  
  2016.0   7.0    2016.583    12.0    3.0    10.4615    3.8462  
  2016.0   8.0    2016.667    5.0     0.0      9.0      3.0769  
  2016.0   9.0    2016.75     0.0     2.0     8.6923    2.4615  
  2016.0   10.0   2016.833    5.0     7.0      8.0      2.3846  
  2016.0   11.0   2016.917    3.0     0.0     6.5385    2.4615  
  2016.0   12.0    2017.0     10.0    2.0     5.9231    2.3846  
  2017.0   1.0    2017.083    6.0     0.0     5.0769    1.8462  
  2017.0   2.0    2017.167    3.0     1.0     4.6154    1.9231  
  2017.0   3.0    2017.25     8.0     3.0     4.6154     2.0    
  2017.0   4.0    2017.333    7.0     2.0      5.0      1.8462  
  2017.0   5.0    2017.417    2.0     3.0     4.9231    1.5385  
  2017.0   6.0     2017.5     2.0     0.0     4.9231    1.5385  
  2017.0   7.0    2017.583    3.0     1.0     4.3077    1.6154  
  2017.0   8.0    2017.667    6.0     4.0     4.0769    1.8462  
  2017.0   9.0    2017.75     5.0     1.0     4.0769    1.7692  
  2017.0   10.0   2017.833    5.0     0.0     3.6923    1.9231  
  2017.0   11.0   2017.917    4.0     3.0     3.3846    1.8462  
  2017.0   12.0    2018.0     3.0     0.0     3.2308    1.6154  
  2018.0   1.0    2018.083    2.0     3.0     3.3846    1.6923  
  2018.0   2.0    2018.167    3.0     3.0     3.3846    1.7692  
  2018.0   3.0    2018.25     3.0     0.0      3.0      1.6923  
  2018.0   4.0    2018.333    3.0     5.0     2.8462    1.6154  
  2018.0   5.0    2018.417    3.0     1.0     2.5385    1.7692  
  2018.0   6.0     2018.5     0.0     0.0     2.5385    1.6154  
  2018.0   7.0    2018.583    4.0     1.0     2.7692    1.9231  
  2018.0   8.0    2018.667    3.0     2.0     2.7692    1.8462  
  2018.0   9.0    2018.75     1.0     3.0      3.0      1.9231  
  2018.0   10.0   2018.833    3.0     0.0     2.9231    2.1538  
  2018.0   11.0   2018.917    1.0     2.0     2.8462    2.0769  
  2018.0   12.0    2019.0     4.0     1.0     2.7692     2.0    
  2019.0   1.0    2019.083    6.0     4.0     3.2308    2.0769  
  2019.0   2.0    2019.167    2.0     2.0     2.9231     2.0    
  2019.0   3.0    2019.25     6.0     4.0     2.8462     2.0    
  2019.0   4.0    2019.333    2.0     3.0     2.7692    2.1538  
  2019.0   5.0    2019.417    2.0     4.0     2.9231    2.2308  
  2019.0   6.0     2019.5     2.0     0.0     3.1538    2.3846  
  2019.0   7.0    2019.583    6.0     1.0     2.9231    2.4615  
  2019.0   8.0    2019.667    0.0     0.0     2.7692    2.5385  
  2019.0   9.0    2019.75     2.0     2.0     2.6923    2.8462  
  2019.0   10.0   2019.833    0.0     5.0     2.3077    2.9231  
  2019.0   11.0   2019.917    5.0     1.0     2.5385    2.7692  
  2019.0   12.0    2020.0     4.0     4.0     2.3846    2.8462  
  2020.0   1.0    2020.083    1.0     2.0     2.4615    3.3846  
  2020.0   2.0    2020.167    4.0     5.0      2.0      3.4615  
  2020.0   3.0    2020.25     1.0     6.0     2.1538    3.6923  
  2020.0   4.0    2020.333    1.0     5.0     2.4615    3.7692  
  2020.0   5.0    2020.417    5.0     1.0     3.4615    3.6923  
  2020.0   6.0     2020.5     0.0     5.0     3.2308    3.7692  
  2020.0   7.0    2020.583    3.0     7.0     3.0769    3.6154  
  2020.0   8.0    2020.667    0.0     2.0     3.1538    3.6154  
  2020.0   9.0    2020.75     2.0     3.0      3.0      3.3846  
  2020.0   10.0   2020.833    6.0     3.0     3.0769    3.0769  
  2020.0   11.0   2020.917    13.0    4.0     3.1538    2.8462  
  2020.0   12.0    2021.0     2.0     2.0     2.9231    2.9231  
