 1996  01  1996.083   6     0     0     0   
 1996  02  1996.167   6     0     0     0   
 1996  03  1996.25    18    0     0     0   
 1996  04  1996.333   17    0     0     0   
 1996  05  1996.417   14    0     0     0   
 1996  06   1996.5    8     0     0     0   
 1996  07  1996.583   23    0     1     1   
 1996  08  1996.667   17    0     2     2   
 1996  09  1996.75    19    0     1     1   
 1996  10  1996.833   19    0     2     2   
 1996  11  1996.917   23    2     0     2   
 1996  12   1997.0    32    1     0     1   
 1997  01  1997.083   17    0     0     0   
 1997  02  1997.167   21    0     1     1   
 1997  03  1997.25    18    1     0     1   
 1997  04  1997.333   23    0     1     1   
 1997  05  1997.417   35    0     0     0   
 1997  06   1997.5    34    0     0     0   
 1997  07  1997.583   30    0     0     0   
 1997  08  1997.667   25    3     0     3   
 1997  09  1997.75    43    0     1     1   
 1997  10  1997.833   39    0     0     0   
 1997  11  1997.917   48    0     0     0   
 1997  12   1998.0    35    2     2     4   
 1998  01  1998.083   58    4     1     5   
 1998  02  1998.167   84    3     0     3   
 1998  03  1998.25    77    2     3     5   
 1998  04  1998.333   85    7     1     8   
 1998  05  1998.417  105    5     6     11  
 1998  06   1998.5   115    5     9     14  
 1998  10  1998.833   31    1     1     2   
 1998  11  1998.917   75    4     7     11  
 1998  12   1999.0    57    4     4     8   
 1999  02  1999.167   46    2     5     7   
 1999  03  1999.25    91    14    9     23  
 1999  04  1999.333   82    9     4     13  
 1999  05  1999.417   91    12    3     15  
 1999  06   1999.5   100    13    4     17  
 1999  07  1999.583  133    20    4     24  
 1999  08  1999.667  115    17    13    30  
 1999  09  1999.75   103    22    5     27  
 1999  10  1999.833   83    8     4     12  
 1999  11  1999.917   82    5     9     14  
 1999  12   2000.0    63    11    6     17  
 2000  01  2000.083   90    12    11    23  
 2000  02  2000.167  137    16    12    28  
 2000  03  2000.25   156    17    13    30  
 2000  04  2000.333  138    14    18    32  
 2000  05  2000.417  148    17    17    34  
 2000  06   2000.5   161    32    15    47  
 2000  07  2000.583  142    15    15    30  
 2000  08  2000.667  147    19    12    31  
 2000  09  2000.75   133    26    16    42  
 2000  10  2000.833  111    6     16    22  
 2000  11  2000.917  139    16    12    28  
 2000  12   2001.0   104    4     9     13  
 2001  01  2001.083   99    2     13    15  
 2001  02  2001.167   75    4     9     13  
 2001  03  2001.25   159    11    16    27  
 2001  04  2001.333  115    6     19    25  
 2001  05  2001.417  128    7     14    21  
 2001  06   2001.5   119    6     10    16  
 2001  07  2001.583   82    6     11    17  
 2001  08  2001.667  123    9     11    20  
 2001  09  2001.75   168    7     14    21  
 2001  10  2001.833  150    12    9     21  
 2001  11  2001.917   86    10    8     18  
 2001  12   2002.0   132    6     11    17  
 2002  01  2002.083  111    14    3     17  
 2002  02  2002.167   83    6     7     13  
 2002  03  2002.25   162    12    24    36  
 2002  04  2002.333  171    7     36    43  
 2002  05  2002.417  145    6     6     12  
 2002  06   2002.5   101    3     12    15  
 2002  07  2002.583  152    9     23    32  
 2002  08  2002.667  177    7     19    26  
 2002  09  2002.75   167    7     16    23  
 2002  10  2002.833  165    7     20    27  
 2002  11  2002.917  132    12    15    27  
 2002  12   2003.0    82    4     4     8   
 2003  01  2003.083  127    17    8     25  
 2003  02  2003.167   85    5     4     9   
 2003  03  2003.25   102    6     6     12  
 2003  04  2003.333  153    5     13    18  
 2003  05  2003.417  117    10    17    27  
 2003  06   2003.5    73    6     4     10  
 2003  07  2003.583   55    6     3     9   
 2003  08  2003.667   82    5     2     7   
 2003  09  2003.75    77    9     9     18  
 2003  10  2003.833  106    5     5     10  
 2003  11  2003.917   63    1     3     4   
 2003  12   2004.0    60    2     6     8   
 2004  01  2004.083   86    1     8     9   
 2004  02  2004.167   94    7     2     9   
 2004  03  2004.25    94    7     6     13  
 2004  04  2004.333   84    3     6     9   
 2004  05  2004.417  125    6     5     11  
 2004  06   2004.5    96    9     3     12  
 2004  07  2004.583  101    7     7     14  
 2004  08  2004.667   65    1     6     7   
 2004  09  2004.75    51    0     2     2   
 2004  10  2004.833   99    7     2     9   
 2004  11  2004.917   96    7     1     8   
 2004  12   2005.0    71    5     2     7   
 2005  01  2005.083  102    7     7     14  
 2005  02  2005.167   91    5     9     14  
 2005  03  2005.25    95    11    2     13  
 2005  04  2005.333  104    8     9     17  
 2005  05  2005.417  132    11    7     18  
 2005  06   2005.5    96    2     5     7   
 2005  07  2005.583  128    4     1     5   
 2005  08  2005.667  116    11    2     13  
 2005  09  2005.75    74    3     6     9   
 2005  10  2005.833   75    7     12    19  
 2005  11  2005.917   73    7     13    20  
 2005  12   2006.0   104    4     11    15  
 2006  01  2006.083  102    1     8     9   
 2006  02  2006.167   70    3     1     4   
 2006  03  2006.25    47    2     0     2   
 2006  04  2006.333   79    3     2     5   
 2006  05  2006.417  106    1     1     2   
 2006  06   2006.5    81    3     0     3   
 2006  07  2006.583  124    7     10    17  
 2006  08  2006.667   98    3     5     8   
 2006  09  2006.75   109    1     6     7   
 2006  10  2006.833   72    5     2     7   
 2006  11  2006.917   92    6     3     9   
 2006  12   2007.0    52    3     4     7   
 2007  01  2007.083  104    3     4     7   
 2007  02  2007.167   86    5     3     8   
 2007  03  2007.25   127    9     10    19  
 2007  04  2007.333  161    8     6     14  
 2007  05  2007.417  137    4     5     9   
 2007  06   2007.5   155    7     9     16  
 2007  07  2007.583  140    7     7     14  
 2007  08  2007.667  117    8     3     11  
 2007  09  2007.75   118    6     6     12  
 2007  10  2007.833  102    8     3     11  
 2007  11  2007.917   77    7     9     16  
 2007  12   2008.0   115    19    9     28  
 2008  01  2008.083   97    8     7     15  
 2008  02  2008.167   65    6     4     10  
 2008  03  2008.25   100    14    7     21  
 2008  04  2008.333   80    12    8     20  
 2008  05  2008.417   73    3     4     7   
 2008  06   2008.5    70    10    9     19  
 2008  07  2008.583   76    13    11    24  
 2008  08  2008.667   52    6     7     13  
 2008  09  2008.75    56    8     5     13  
 2008  10  2008.833   66    9     8     17  
 2008  11  2008.917   57    5     8     13  
 2008  12   2009.0    70    15    10    25  
 2009  01  2009.083   62    11    10    21  
 2009  02  2009.167   51    7     5     12  
 2009  03  2009.25    61    10    2     12  
 2009  04  2009.333   60    12    9     21  
 2009  05  2009.417   47    7     2     9   
 2009  06   2009.5    72    10    10    20  
 2009  07  2009.583   47    7     5     12  
 2009  08  2009.667   46    9     3     12  
 2009  09  2009.75   107    21    8     29  
 2009  10  2009.833   65    9     9     18  
 2009  11  2009.917   51    6     2     8   
 2009  12   2010.0    76    10    11    21  
 2010  01  2010.083   64    9     4     13  
 2010  02  2010.167   74    3     0     3   
 2010  03  2010.25    91    7     3     10  
 2010  04  2010.333   85    5     0     5   
 2010  05  2010.417   97    10    5     15  
 2010  06   2010.5   100    4     2     6   
 2010  07  2010.583   94    7     3     10  
 2010  08  2010.667   81    8     4     12  
 2010  09  2010.75    77    9     3     12  
 2010  10  2010.833   78    8     4     12  
 2010  11  2010.917  144    11    11    22  
 2010  12   2011.0   121    7     5     12  
 2011  01  2011.083   84    11    4     15  
 2011  02  2011.167   86    11    3     14  
 2011  03  2011.25   176    13    14    27  
 2011  04  2011.333  203    26    11    37  
 2011  05  2011.417  202    18    7     25  
 2011  06   2011.5   180    19    6     25  
 2011  07  2011.583  138    9     6     15  
 2011  08  2011.667  132    26    7     33  
 2011  09  2011.75   185    15    3     18  
 2011  10  2011.833  222    39    5     44  
 2011  11  2011.917  170    17    4     21  
 2011  12   2012.0   171    22    5     27  
 2012  01  2012.083  148    23    4     27  
 2012  02  2012.167  112    28    4     32  
 2012  03  2012.25   140    26    6     32  
 2012  04  2012.333  166    17    9     26  
 2012  05  2012.417  161    16    12    28  
 2012  06   2012.5   226    23    18    41  
 2012  07  2012.583  230    37    28    65  
 2012  08  2012.667  193    26    7     33  
 2012  09  2012.75   173    30    14    44  
 2012  10  2012.833  134    23    10    33  
 2012  11  2012.917  185    16    22    38  
 2012  12   2013.0   225    33    18    51  
 2013  01  2013.083  226    21    15    36  
 2013  02  2013.167  191    23    20    43  
 2013  03  2013.25   177    31    14    45  
 2013  04  2013.333  202    32    16    48  
 2013  05  2013.417  254    38    25    63  
 2013  06   2013.5   165    23    33    56  
 2013  07  2013.583  134    21    15    36  
 2013  08  2013.667  142    19    25    44  
 2013  09  2013.75   140    12    18    30  
 2013  10  2013.833  243    15    28    43  
 2013  11  2013.917  187    26    29    55  
 2013  12   2014.0   222    19    28    47  
 2014  01  2014.083  203    10    20    30  
 2014  02  2014.167  164    9     30    39  
 2014  03  2014.25   200    13    22    35  
 2014  04  2014.333  221    20    32    52  
 2014  05  2014.417  234    22    21    43  
 2014  06   2014.5   252    17    24    41  
 2014  07  2014.583  190    17    26    43  
 2014  08  2014.667  159    11    14    25  
 2014  09  2014.75   147    22    9     31  
 2014  10  2014.833  209    23    32    55  
 2014  11  2014.917  225    32    11    43  
 2014  12   2015.0   205    38    10    48  
 2015  01  2015.083  178    27    8     35  
 2015  02  2015.167  131    12    16    28  
 2015  03  2015.25   184    14    12    26  
 2015  04  2015.333  193    29    8     37  
 2015  05  2015.417  189    32    6     38  
 2015  06   2015.5   144    17    8     25  
 2015  07  2015.583  177    26    7     33  
 2015  08  2015.667  166    22    8     30  
 2015  09  2015.75   164    14    7     21  
 2015  10  2015.833  167    20    3     23  
 2015  11  2015.917  164    18    2     20  
 2015  12   2016.0   160    11    10    21  
 2016  01  2016.083  169    22    11    33  
 2016  02  2016.167  158    12    11    23  
 2016  03  2016.25   130    16    3     19  
 2016  04  2016.333  120    21    2     23  
 2016  05  2016.417  142    10    1     11  
 2016  06   2016.5   113    14    8     22  
 2016  07  2016.583  111    12    3     15  
 2016  08  2016.667   90    5     0     5   
 2016  09  2016.75    77    0     2     2   
 2016  10  2016.833   88    5     7     12  
 2016  11  2016.917   99    3     0     3   
 2016  12   2017.0    84    10    2     12  
 2017  01  2017.083   70    6     0     6   
 2017  02  2017.167   61    3     1     4   
 2017  03  2017.25    56    8     3     11  
 2017  04  2017.333   90    7     2     9   
 2017  05  2017.417   64    2     3     5   
 2017  06   2017.5    64    2     0     2   
 2017  07  2017.583   70    3     1     4   
 2017  08  2017.667   65    6     4     10  
 2017  09  2017.75    64    5     1     6   
 2017  10  2017.833   70    5     0     5   
 2017  11  2017.917   51    4     3     7   
 2017  12   2018.0    52    3     0     3   
 2018  01  2018.083   37    2     3     5   
 2018  02  2018.167   32    3     3     6   
 2018  03  2018.25    46    3     0     3   
 2018  04  2018.333   48    3     5     8   
 2018  05  2018.417   47    3     1     4   
 2018  06   2018.5    36    0     0     0   
 2018  07  2018.583   39    4     1     5   
 2018  08  2018.667   48    3     2     5   
 2018  09  2018.75    38    1     3     4   
 2018  10  2018.833   40    3     0     3   
 2018  11  2018.917   32    1     2     3   
 2018  12   2019.0    32    4     1     5   
 2019  01  2019.083   48    6     4     10  
 2019  02  2019.167   31    2     2     4   
 2019  03  2019.25    58    6     4     10  
 2019  04  2019.333   38    2     3     5   
 2019  05  2019.417   75    2     4     6   
 2019  06   2019.5    39    2     0     2   
 2019  07  2019.583   57    6     1     7   
 2019  08  2019.667   32    0     0     0   
 2019  09  2019.75    34    2     2     4   
 2019  10  2019.833   48    0     5     5   
 2019  11  2019.917   34    5     1     6   
 2019  12   2020.0    54    4     4     8   
 2020  01  2020.083   43    1     2     3   
 2020  02  2020.167   37    4     5     9   
 2020  03  2020.25    38    1     6     7   
 2020  04  2020.333   33    1     5     6   
 2020  05  2020.417   44    5     1     6   
 2020  06   2020.5    47    0     5     5   
 2020  07  2020.583   50    3     7     10  
 2020  08  2020.667   67    0     2     2   
 2020  09  2020.75    47    2     3     5   
 2020  10  2020.833   56    6     3     9   
 2020  11  2020.917  101    13    4     17  
 2020  12   2021.0    80    2     2     4   
