 1996   29.0    49.0  
 1997   89.0    63.0  
 1998  203.0   167.0  
 1999  263.0   207.0  
 2000  398.0   359.0  
 2001  356.0   353.0  
 2002  339.0   411.0  
 2003  318.0   247.0  
 2004  211.0   324.0  
 2005  280.0   334.0  
 2006  208.0   423.0  
 2007  393.0   504.0  
 2008  215.0   240.0  
 2009  174.0   131.0  
 2010  262.0   337.0  
 2011  567.0   421.0  
 2012  489.0   453.0  
 2013  402.0   539.0  
 2014  565.0   526.0  
 2015  434.0   593.0  
 2016  386.0   372.0  
 2017  268.0   171.0  
 2018  109.0   113.0  
 2019   97.0   148.0  
 2020  130.0   165.0  
Total  7185.0  7650.0 
