  2008.0    12.0     2009.0                19.0                          13.0             
  2009.0    1.0    2009.0833               7.0                           10.0             
  2009.0    2.0    2009.1667               13.0                          6.0              
  2009.0    3.0     2009.25                14.0                          13.0             
  2009.0    4.0    2009.3333               12.0                          3.0              
  2009.0    5.0    2009.4167               8.0                           11.0             
  2009.0    6.0      2009.5                13.0                          9.0              
  2009.0    7.0    2009.5833               13.0                          2.0              
  2009.0    8.0    2009.6667               7.0                           11.0             
  2009.0    9.0     2009.75                16.0                          13.0             
  2009.0    10.0   2009.8333               9.0                           10.0             
  2009.0    11.0   2009.9167               13.0                          5.0              
  2009.0    12.0     2010.0                13.0                          8.0              
  2010.0    1.0    2010.0833               9.0                           16.0             
  2010.0    2.0    2010.1667               8.0                           11.0             
  2010.0    3.0     2010.25                12.0                          12.0             
  2010.0    4.0    2010.3333               15.0                          20.0             
  2010.0    5.0    2010.4167               16.0                          29.0             
  2010.0    6.0      2010.5                19.0                          32.0             
  2010.0    7.0    2010.5833               14.0                          23.0             
  2010.0    8.0    2010.6667               12.0                          16.0             
  2010.0    9.0     2010.75                10.0                          20.0             
  2010.0    10.0   2010.8333               10.0                          12.0             
  2010.0    11.0   2010.9167               22.0                          21.0             
  2010.0    12.0     2011.0                22.0                          24.0             
  2011.0    1.0    2011.0833               8.0                           16.0             
  2011.0    2.0    2011.1667               21.0                          4.0              
  2011.0    3.0     2011.25                36.0                          31.0             
  2011.0    4.0    2011.3333               49.0                          31.0             
  2011.0    5.0    2011.4167               43.0                          39.0             
  2011.0    6.0      2011.5                35.0                          36.0             
  2011.0    7.0    2011.5833               31.0                          20.0             
  2011.0    8.0    2011.6667               20.0                          14.0             
  2011.0    9.0     2011.75                41.0                          18.0             
  2011.0    10.0   2011.8333               35.0                          41.0             
  2011.0    11.0   2011.9167               38.0                          22.0             
  2011.0    12.0     2012.0                35.0                          32.0             
  2012.0    1.0    2012.0833               30.0                          18.0             
  2012.0    2.0    2012.1667               18.0                          18.0             
  2012.0    3.0     2012.25                18.0                          21.0             
  2012.0    4.0    2012.3333               21.0                          42.0             
  2012.0    5.0    2012.4167               35.0                          21.0             
  2012.0    6.0      2012.5                38.0                          31.0             
  2012.0    7.0    2012.5833               21.0                          38.0             
  2012.0    8.0    2012.6667               27.0                          18.0             
  2012.0    9.0     2012.75                36.0                          17.0             
  2012.0    10.0   2012.8333               21.0                          19.0             
  2012.0    11.0   2012.9167               34.0                          25.0             
  2012.0    12.0     2013.0                37.0                          44.0             
  2013.0    1.0    2013.0833               58.0                          33.0             
  2013.0    2.0    2013.1667               35.0                          32.0             
  2013.0    3.0     2013.25                18.0                          34.0             
  2013.0    4.0    2013.3333               28.0                          36.0             
  2013.0    5.0    2013.4167               38.0                          36.0             
  2013.0    6.0      2013.5                8.0                           25.0             
  2013.0    7.0    2013.5833               19.0                          21.0             
  2013.0    8.0    2013.6667               10.0                          24.0             
  2013.0    9.0     2013.75                12.0                          25.0             
  2013.0    10.0   2013.8333               25.0                          33.0             
  2013.0    11.0   2013.9167               16.0                          31.0             
  2013.0    12.0     2014.0                16.0                          45.0             
  2014.0    1.0    2014.0833               22.0                          19.0             
  2014.0    2.0    2014.1667               25.0                          30.0             
  2014.0    3.0     2014.25                26.0                          37.0             
  2014.0    4.0    2014.3333               47.0                          31.0             
  2014.0    5.0    2014.4167               23.0                          47.0             
  2014.0    6.0      2014.5                30.0                          51.0             
  2014.0    7.0    2014.5833               22.0                          42.0             
  2014.0    8.0    2014.6667               34.0                          27.0             
  2014.0    9.0     2014.75                30.0                          15.0             
  2014.0    10.0   2014.8333               29.0                          20.0             
  2014.0    11.0   2014.9167               47.0                          17.0             
  2014.0    12.0     2015.0                41.0                          31.0             
  2015.0    1.0    2015.0833               39.0                          27.0             
  2015.0    2.0    2015.1667               26.0                          16.0             
  2015.0    3.0     2015.25                35.0                          32.0             
  2015.0    4.0    2015.3333               31.0                          30.0             
  2015.0    5.0    2015.4167               24.0                          29.0             
  2015.0    6.0      2015.5                20.0                          36.0             
  2015.0    7.0    2015.5833               30.0                          47.0             
  2015.0    8.0    2015.6667               18.0                          51.0             
  2015.0    9.0     2015.75                16.0                          52.0             
  2015.0    10.0   2015.8333               19.0                          62.0             
  2015.0    11.0   2015.9167               16.0                          43.0             
  2015.0    12.0     2016.0                30.0                          32.0             
  2016.0    1.0    2016.0833               24.0                          43.0             
  2016.0    2.0    2016.1667               31.0                          34.0             
  2016.0    3.0     2016.25                25.0                          38.0             
  2016.0    4.0    2016.3333               23.0                          14.0             
  2016.0    5.0    2016.4167               37.0                          29.0             
  2016.0    6.0      2016.5                16.0                          20.0             
  2016.0    7.0    2016.5833               28.0                          18.0             
  2016.0    8.0    2016.6667               23.0                          14.0             
  2016.0    9.0     2016.75                22.0                          9.0              
  2016.0    10.0   2016.8333               24.0                          18.0             
  2016.0    11.0   2016.9167               28.0                          26.0             
  2016.0    12.0     2017.0                19.0                          18.0             
  2017.0    1.0    2017.0833               19.0                          16.0             
  2017.0    2.0    2017.1667               20.0                          12.0             
  2017.0    3.0     2017.25                16.0                          9.0              
  2017.0    4.0    2017.3333               28.0                          4.0              
  2017.0    5.0    2017.4167               13.0                          12.0             
  2017.0    6.0      2017.5                9.0                           9.0              
  2017.0    7.0    2017.5833               16.0                          7.0              
  2017.0    8.0    2017.6667               13.0                          9.0              
  2017.0    9.0     2017.75                11.0                          16.0             
  2017.0    10.0   2017.8333               19.0                          10.0             
  2017.0    11.0   2017.9167               13.0                          8.0              
  2017.0    12.0     2018.0                19.0                          8.0              
  2018.0    1.0    2018.0833               9.0                           7.0              
  2018.0    2.0    2018.1667               7.0                           7.0              
  2018.0    3.0     2018.25                9.0                           12.0             
  2018.0    4.0    2018.3333               6.0                           12.0             
  2018.0    5.0    2018.4167               11.0                          6.0              
  2018.0    6.0      2018.5                7.0                           11.0             
  2018.0    7.0    2018.5833               11.0                          9.0              
  2018.0    8.0    2018.6667               18.0                          8.0              
  2018.0    9.0     2018.75                6.0                           9.0              
  2018.0    10.0   2018.8333               9.0                           8.0              
  2018.0    11.0   2018.9167               5.0                           9.0              
  2018.0    12.0     2019.0                2.0                           8.0              
  2019.0    1.0    2019.0833               5.0                           9.0              
  2019.0    2.0    2019.1667               3.0                           7.0              
  2019.0    3.0     2019.25                8.0                           14.0             
  2019.0    4.0    2019.3333               2.0                           2.0              
  2019.0    5.0    2019.4167               13.0                          13.0             
  2019.0    6.0      2019.5                4.0                           14.0             
  2019.0    7.0    2019.5833               9.0                           13.0             
  2019.0    8.0    2019.6667               8.0                           10.0             
  2019.0    9.0     2019.75                5.0                           4.0              
  2019.0    10.0   2019.8333               10.0                          14.0             
  2019.0    11.0   2019.9167               4.0                           11.0             
  2019.0    12.0     2020.0                11.0                          19.0             
  2020.0    1.0    2020.0833               8.0                           14.0             
  2020.0    2.0    2020.1667               0.0                           9.0              
  2020.0    3.0     2020.25                4.0                           4.0              
  2020.0    4.0    2020.3333               5.0                           3.0              
  2020.0    5.0    2020.4167               12.0                          16.0             
  2020.0    6.0      2020.5                8.0                           12.0             
  2020.0    7.0    2020.5833               6.0                           12.0             
  2020.0    8.0    2020.6667               17.0                          16.0             
  2020.0    9.0     2020.75                5.0                           7.0              
  2020.0    10.0   2020.8333               12.0                          15.0             
  2020.0    11.0   2020.9167               15.0                          14.0             
  2020.0    12.0     2021.0                15.0                          24.0             
