 1996    01    1996.0833     0      0     0.0     0.0     
 1996    03     1996.25      0      0     0.0     0.0     
 1996    04    1996.3333     0      0     0.0     0.0     
 1996    05    1996.4167     0      0     0.0     0.0     
 1996    06      1996.5      0      0     0.0     0.0     
 1996    07    1996.5833     0      0     0.0     0.0     
 1996    08    1996.6667     0      0     0.0     0.0     
 1996    09     1996.75      0      1     -1.0    -1.0    
 1996    10    1996.8333     0      1     -1.0    -1.0    
 1996    11    1996.9167     1      0     1.0     1.0     
 1996    12      1997.0      0      0     0.0     0.0     
 1997    01    1997.0833     0      0     0.0     0.0     
 1997    02    1997.1667     0      1     -1.0    -1.0    
 1997    03     1997.25      0      0     0.0     0.0     
 1997    04    1997.3333     0      0     0.0     0.0     
 1997    05    1997.4167     0      0     0.0     0.0     
 1997    06      1997.5      0      0     0.0     0.0     
 1997    07    1997.5833     0      0     0.0     0.0     
 1997    08    1997.6667     1      0     1.0     1.0     
 1997    09     1997.75      0      1     -1.0    -1.0    
 1997    10    1997.8333     0      0     0.0     0.0     
 1997    11    1997.9167     0      0     0.0     0.0     
 1997    12      1998.0      1      1     0.0     0.0     
 1998    01    1998.0833     3      0     3.0     1.0     
 1998    02    1998.1667     2      0     2.0     1.0     
 1998    03     1998.25      0      3     -3.0    -1.0    
 1998    04    1998.3333     6      1     5.0    0.7143   
 1998    05    1998.4167     3      6     -3.0  -0.3333   
 1998    06      1998.5      2      6     -4.0    -0.5    
 1998    10    1998.8333     1      1     0.0     0.0     
 1998    11    1998.9167     4      6     -2.0    -0.2    
 1998    12      1999.0      2      3     -1.0    -0.2    
 1999    02    1999.1667     2      4     -2.0  -0.3333   
 1999    03     1999.25      12     7     5.0    0.2632   
 1999    04    1999.3333     7      4     3.0    0.2727   
 1999    05    1999.4167     8      1     7.0    0.7778   
 1999    06      1999.5      9      3     6.0     0.5     
 1999    07    1999.5833     13     1     12.0   0.8571   
 1999    08    1999.6667     12     5     7.0    0.4118   
 1999    09     1999.75      17     2     15.0   0.7895   
 1999    10    1999.8333     4      2     2.0    0.3333   
 1999    11    1999.9167     2      4     -2.0  -0.3333   
 1999    12      2000.0      5      5     0.0     0.0     
 2000    01    2000.0833     11     10    1.0    0.0476   
 2000    02    2000.1667     12     12    0.0     0.0     
 2000    03     2000.25      14     13    1.0    0.037    
 2000    04    2000.3333     10     15    -5.0    -0.2    
 2000    05    2000.4167     12     16    -4.0  -0.1429   
 2000    06      2000.5      27     14    13.0   0.3171   
 2000    07    2000.5833     14     15    -1.0  -0.0345   
 2000    08    2000.6667     12     7     5.0    0.2632   
 2000    09     2000.75      18     9     9.0    0.3333   
 2000    10    2000.8333     3      13   -10.0   -0.625   
 2000    11    2000.9167     10     8     2.0    0.1111   
 2000    12      2001.0      2      6     -4.0    -0.5    
 2001    01    2001.0833     0      10   -10.0    -1.0    
 2001    02    2001.1667     2      6     -4.0    -0.5    
 2001    03     2001.25      8      12    -4.0    -0.2    
 2001    04    2001.3333     6      18   -12.0    -0.5    
 2001    05    2001.4167     6      11    -5.0  -0.2941   
 2001    06      2001.5      2      8     -6.0    -0.6    
 2001    07    2001.5833     5      10    -5.0  -0.3333   
 2001    08    2001.6667     9      10    -1.0  -0.0526   
 2001    09     2001.75      6      9     -3.0    -0.2    
 2001    10    2001.8333     10     8     2.0    0.1111   
 2001    11    2001.9167     7      5     2.0    0.1667   
 2001    12      2002.0      5      10    -5.0  -0.3333   
 2002    01    2002.0833     10     2     8.0    0.6667   
 2002    02    2002.1667     5      6     -1.0  -0.0909   
 2002    03     2002.25      8      16    -8.0  -0.3333   
 2002    04    2002.3333     7      30   -23.0  -0.6216   
 2002    05    2002.4167     3      6     -3.0  -0.3333   
 2002    06      2002.5      0      7     -7.0    -1.0    
 2002    07    2002.5833     7      20   -13.0  -0.4815   
 2002    08    2002.6667     5      14    -9.0  -0.4737   
 2002    09     2002.75      4      12    -8.0    -0.5    
 2002    10    2002.8333     6      17   -11.0  -0.4783   
 2002    11    2002.9167     11     13    -2.0  -0.0833   
 2002    12      2003.0      3      3     0.0     0.0     
 2003    01    2003.0833     13     5     8.0    0.4444   
 2003    02    2003.1667     3      2     1.0     0.2     
 2003    03     2003.25      5      3     2.0     0.25    
 2003    04    2003.3333     4      7     -3.0  -0.2727   
 2003    05    2003.4167     7      8     -1.0  -0.0667   
 2003    06      2003.5      3      1     2.0     0.5     
 2003    07    2003.5833     6      2     4.0     0.5     
 2003    08    2003.6667     5      2     3.0    0.4286   
 2003    09     2003.75      7      8     -1.0  -0.0667   
 2003    10    2003.8333     4      2     2.0    0.3333   
 2003    11    2003.9167     0      2     -2.0    -1.0    
 2003    12      2004.0      2      5     -3.0  -0.4286   
 2004    01    2004.0833     1      5     -4.0  -0.6667   
 2004    02    2004.1667     5      1     4.0    0.6667   
 2004    03     2004.25      4      1     3.0     0.6     
 2004    04    2004.3333     2      3     -1.0    -0.2    
 2004    05    2004.4167     5      2     3.0    0.4286   
 2004    06      2004.5      3      1     2.0     0.5     
 2004    07    2004.5833     4      7     -3.0  -0.2727   
 2004    08    2004.6667     1      4     -3.0    -0.6    
 2004    09     2004.75      0      2     -2.0    -1.0    
 2004    10    2004.8333     5      2     3.0    0.4286   
 2004    11    2004.9167     4      1     3.0     0.6     
 2004    12      2005.0      3      1     2.0     0.5     
 2005    01    2005.0833     6      4     2.0     0.2     
 2005    02    2005.1667     0      5     -5.0    -1.0    
 2005    03     2005.25      1      1     0.0     0.0     
 2005    04    2005.3333     3      5     -2.0   -0.25    
 2005    05    2005.4167     2      2     0.0     0.0     
 2005    06      2005.5      1      0     1.0     1.0     
 2005    07    2005.5833     3      0     3.0     1.0     
 2005    08    2005.6667     6      1     5.0    0.7143   
 2005    09     2005.75      0      5     -5.0    -1.0    
 2005    10    2005.8333     1      4     -3.0    -0.6    
 2005    11    2005.9167     2      5     -3.0  -0.4286   
 2005    12      2006.0      0      6     -6.0    -1.0    
 2006    01    2006.0833     0      4     -4.0    -1.0    
 2006    02    2006.1667     0      0     0.0     0.0     
 2006    03     2006.25      1      0     1.0     1.0     
 2006    04    2006.3333     0      1     -1.0    -1.0    
 2006    05    2006.4167     0      0     0.0     0.0     
 2006    06      2006.5      1      0     1.0     1.0     
 2006    07    2006.5833     0      3     -3.0    -1.0    
 2006    08    2006.6667     0      1     -1.0    -1.0    
 2006    09     2006.75      0      0     0.0     0.0     
 2006    10    2006.8333     0      1     -1.0    -1.0    
 2006    11    2006.9167     1      2     -1.0  -0.3333   
 2006    12      2007.0      0      2     -2.0    -1.0    
 2007    01    2007.0833     0      0     0.0     0.0     
 2007    02    2007.1667     0      0     0.0     0.0     
 2007    03     2007.25      0      0     0.0     0.0     
 2007    04    2007.3333     0      0     0.0     0.0     
 2007    05    2007.4167     0      1     -1.0    -1.0    
 2007    06      2007.5      0      0     0.0     0.0     
 2007    07    2007.5833     0      0     0.0     0.0     
 2007    08    2007.6667     0      0     0.0     0.0     
 2007    09     2007.75      0      0     0.0     0.0     
 2007    10    2007.8333     0      0     0.0     0.0     
 2007    11    2007.9167     0      0     0.0     0.0     
 2007    12      2008.0      0      0     0.0     0.0     
 2008    01    2008.0833     0      1     -1.0    -1.0    
 2008    02    2008.1667     0      0     0.0     0.0     
 2008    03     2008.25      0      0     0.0     0.0     
 2008    04    2008.3333     0      0     0.0     0.0     
 2008    05    2008.4167     0      0     0.0     0.0     
 2008    06      2008.5      1      1     0.0     0.0     
 2008    07    2008.5833     0      1     -1.0    -1.0    
 2008    08    2008.6667     0      0     0.0     0.0     
 2008    09     2008.75      1      0     1.0     1.0     
 2008    10    2008.8333     0      0     0.0     0.0     
 2008    11    2008.9167     0      0     0.0     0.0     
 2008    12      2009.0      0      0     0.0     0.0     
 2009    01    2009.0833     0      0     0.0     0.0     
 2009    02    2009.1667     0      0     0.0     0.0     
 2009    03     2009.25      0      1     -1.0    -1.0    
 2009    04    2009.3333     0      0     0.0     0.0     
 2009    05    2009.4167     0      0     0.0     0.0     
 2009    06      2009.5      0      0     0.0     0.0     
 2009    07    2009.5833     0      0     0.0     0.0     
 2009    08    2009.6667     0      0     0.0     0.0     
 2009    09     2009.75      0      0     0.0     0.0     
 2009    10    2009.8333     0      1     -1.0    -1.0    
 2009    11    2009.9167     0      0     0.0     0.0     
 2009    12      2010.0      0      0     0.0     0.0     
 2010    01    2010.0833     0      0     0.0     0.0     
 2010    02    2010.1667     1      0     1.0     1.0     
 2010    03     2010.25      2      0     2.0     1.0     
 2010    04    2010.3333     2      0     2.0     1.0     
 2010    05    2010.4167     1      1     0.0     0.0     
 2010    06      2010.5      1      0     1.0     1.0     
 2010    07    2010.5833     1      0     1.0     1.0     
 2010    08    2010.6667     0      0     0.0     0.0     
 2010    09     2010.75      3      0     3.0     1.0     
 2010    10    2010.8333     2      2     0.0     0.0     
 2010    11    2010.9167     0      2     -2.0    -1.0    
 2010    12      2011.0      2      0     2.0     1.0     
 2011    01    2011.0833     2      0     2.0     1.0     
 2011    02    2011.1667     0      1     -1.0    -1.0    
 2011    03     2011.25      1      2     -1.0  -0.3333   
 2011    04    2011.3333     5      0     5.0     1.0     
 2011    05    2011.4167     1      0     1.0     1.0     
 2011    06      2011.5      5      0     5.0     1.0     
 2011    07    2011.5833     1      1     0.0     0.0     
 2011    08    2011.6667     4      0     4.0     1.0     
 2011    09     2011.75      8      0     8.0     1.0     
 2011    10    2011.8333     9      0     9.0     1.0     
 2011    11    2011.9167     5      2     3.0    0.4286   
 2011    12      2012.0      10     0     10.0    1.0     
 2012    01    2012.0833     10     1     9.0    0.8182   
 2012    02    2012.1667     14     2     12.0    0.75    
 2012    03     2012.25      11     1     10.0   0.8333   
 2012    04    2012.3333     4      1     3.0     0.6     
 2012    05    2012.4167     4      3     1.0    0.1429   
 2012    06      2012.5      7      9     -2.0   -0.125   
 2012    07    2012.5833     16     18    -2.0  -0.0588   
 2012    08    2012.6667     12     0     12.0    1.0     
 2012    09     2012.75      9      1     8.0     0.8     
 2012    10    2012.8333     4      1     3.0     0.6     
 2012    11    2012.9167     3      9     -6.0    -0.5    
 2012    12      2013.0      4      0     4.0     1.0     
 2013    01    2013.0833     6      2     4.0     0.5     
 2013    02    2013.1667     4      4     0.0     0.0     
 2013    03     2013.25      5      1     4.0    0.6667   
 2013    04    2013.3333     9      3     6.0     0.5     
 2013    05    2013.4167     10     10    0.0     0.0     
 2013    06      2013.5      4      9     -5.0  -0.3846   
 2013    07    2013.5833     5      4     1.0    0.1111   
 2013    08    2013.6667     5      13    -8.0  -0.4444   
 2013    09     2013.75      1      7     -6.0   -0.75    
 2013    10    2013.8333     6      7     -1.0  -0.0769   
 2013    11    2013.9167     6      12    -6.0  -0.3333   
 2013    12      2014.0      4      12    -8.0    -0.5    
 2014    01    2014.0833     7      9     -2.0   -0.125   
 2014    02    2014.1667     0      9     -9.0    -1.0    
 2014    03     2014.25      4      10    -6.0  -0.4286   
 2014    04    2014.3333     8      10    -2.0  -0.1111   
 2014    05    2014.4167     7      8     -1.0  -0.0667   
 2014    06      2014.5      4      3     1.0    0.1429   
 2014    07    2014.5833     6      1     5.0    0.7143   
 2014    08    2014.6667     3      1     2.0     0.5     
 2014    09     2014.75      7      0     7.0     1.0     
 2014    10    2014.8333     6      3     3.0    0.3333   
 2014    11    2014.9167     7      4     3.0    0.2727   
 2014    12      2015.0      6      0     6.0     1.0     
 2015    01    2015.0833     10     2     8.0    0.6667   
 2015    02    2015.1667     3      3     0.0     0.0     
 2015    03     2015.25      0      5     -5.0    -1.0    
 2015    04    2015.3333     10     1     9.0    0.8182   
 2015    05    2015.4167     14     0     14.0    1.0     
 2015    06      2015.5      5      4     1.0    0.1111   
 2015    07    2015.5833     3      2     1.0     0.2     
 2015    08    2015.6667     3      3     0.0     0.0     
 2015    09     2015.75      4      2     2.0    0.3333   
 2015    10    2015.8333     7      0     7.0     1.0     
 2015    11    2015.9167     1      1     0.0     0.0     
 2015    12      2016.0      0      1     -1.0    -1.0    
 2016    01    2016.0833     4      6     -2.0    -0.2    
 2016    02    2016.1667     2      3     -1.0    -0.2    
 2016    03     2016.25      5      1     4.0    0.6667   
 2016    04    2016.3333     5      1     4.0    0.6667   
 2016    05    2016.4167     2      0     2.0     1.0     
 2016    06      2016.5      3      3     0.0     0.0     
 2016    07    2016.5833     0      0     0.0     0.0     
 2016    08    2016.6667     0      0     0.0     0.0     
 2016    09     2016.75      0      1     -1.0    -1.0    
 2016    10    2016.8333     0      0     0.0     0.0     
 2016    11    2016.9167     0      0     0.0     0.0     
 2016    12      2017.0      1      0     1.0     1.0     
 2017    01    2017.0833     0      0     0.0     0.0     
 2017    02    2017.1667     2      0     2.0     1.0     
 2017    03     2017.25      1      0     1.0     1.0     
 2017    04    2017.3333     2      0     2.0     1.0     
 2017    05    2017.4167     0      0     0.0     0.0     
 2017    06      2017.5      0      0     0.0     0.0     
 2017    07    2017.5833     0      0     0.0     0.0     
 2017    08    2017.6667     0      0     0.0     0.0     
 2017    09     2017.75      0      0     0.0     0.0     
 2017    10    2017.8333     0      0     0.0     0.0     
 2017    11    2017.9167     0      0     0.0     0.0     
 2017    12      2018.0      0      0     0.0     0.0     
 2018    01    2018.0833     0      0     0.0     0.0     
 2018    02    2018.1667     0      0     0.0     0.0     
 2018    03     2018.25      0      0     0.0     0.0     
 2018    04    2018.3333     0      0     0.0     0.0     
 2018    05    2018.4167     0      0     0.0     0.0     
 2018    06      2018.5      0      0     0.0     0.0     
 2018    07    2018.5833     0      0     0.0     0.0     
 2018    08    2018.6667     0      0     0.0     0.0     
 2018    09     2018.75      0      0     0.0     0.0     
 2018    10    2018.8333     0      0     0.0     0.0     
 2018    12      2019.0      0      0     0.0     0.0     
 2019    01    2019.0833     0      0     0.0     0.0     
 2019    02    2019.1667     0      0     0.0     0.0     
 2019    03     2019.25      0      0     0.0     0.0     
 2019    04    2019.3333     0      0     0.0     0.0     
 2019    05    2019.4167     0      1     -1.0    -1.0    
 2019    06      2019.5      0      0     0.0     0.0     
 2019    07    2019.5833     0      0     0.0     0.0     
 2019    08    2019.6667     0      0     0.0     0.0     
 2019    10    2019.8333     0      0     0.0     0.0     
 2019    12      2020.0      0      0     0.0     0.0     
 2020    01    2020.0833     0      0     0.0     0.0     
 2020    03     2020.25      0      0     0.0     0.0     
 2020    04    2020.3333     0      0     0.0     0.0     
 2020    05    2020.4167     0      0     0.0     0.0     
 2020    06      2020.5      0      0     0.0     0.0     
 2020    07    2020.5833     1      0     1.0     1.0     
 2020    08    2020.6667     0      0     0.0     0.0     
 2020    09     2020.75      0      0     0.0     0.0     
 2020    10    2020.8333     0      0     0.0     0.0     
 2020    11    2020.9167     0      0     0.0     0.0     
 2020    12      2021.0      0      0     0.0     0.0     
