  2008.0    12.0     2009.0     2.0     2.0                2.0                           2.0              
  2009.0    1.0    2009.0833    3.0     2.0                5.0                           4.0              
  2009.0    2.0    2009.1667    3.0     1.0                8.0                           5.0              
  2009.0    3.0     2009.25     1.0     1.0                9.0                           6.0              
  2009.0    4.0    2009.3333    3.0     0.0                12.0                          6.0              
  2009.0    5.0    2009.4167    4.0     3.0                16.0                          9.0              
  2009.0    6.0      2009.5     4.0     5.0                20.0                          14.0             
  2009.0    7.0    2009.5833    5.0     2.0                25.0                          16.0             
  2009.0    8.0    2009.6667    3.0     1.0                28.0                          17.0             
  2009.0    9.0     2009.75     2.0     4.0                30.0                          21.0             
  2009.0    10.0   2009.8333    2.0     3.0                32.0                          24.0             
  2009.0    11.0   2009.9167    3.0     4.0                35.0                          28.0             
  2009.0    12.0     2010.0     3.0     4.0                38.0                          32.0             
  2010.0    1.0    2010.0833    2.0     5.0                40.0                          37.0             
  2010.0    2.0    2010.1667    13.0    8.0                53.0                          45.0             
  2010.0    3.0     2010.25     8.0     9.0                61.0                          54.0             
  2010.0    4.0    2010.3333    6.0     9.0                67.0                          63.0             
  2010.0    5.0    2010.4167    5.0     8.0                72.0                          71.0             
  2010.0    6.0      2010.5     14.0    7.0                86.0                          78.0             
  2010.0    7.0    2010.5833    7.0     5.0                93.0                          83.0             
  2010.0    8.0    2010.6667    10.0    14.0              103.0                          97.0             
  2010.0    9.0     2010.75     6.0     8.0               109.0                         105.0             
  2010.0    10.0   2010.8333    7.0     4.0               116.0                         109.0             
  2010.0    11.0   2010.9167    7.0     17.0              123.0                         126.0             
  2010.0    12.0     2011.0     8.0     7.0               131.0                         133.0             
  2011.0    1.0    2011.0833    12.0    7.0               143.0                         140.0             
  2011.0    2.0    2011.1667    5.0     2.0               148.0                         142.0             
  2011.0    3.0     2011.25     14.0    12.0              162.0                         154.0             
  2011.0    4.0    2011.3333    7.0     9.0               169.0                         163.0             
  2011.0    5.0    2011.4167    16.0    12.0              185.0                         175.0             
  2011.0    6.0      2011.5     10.0    11.0              195.0                         186.0             
  2011.0    7.0    2011.5833    7.0     4.0               202.0                         190.0             
  2011.0    8.0    2011.6667    14.0    5.0               216.0                         195.0             
  2011.0    9.0     2011.75     29.0    21.0              245.0                         216.0             
  2011.0    10.0   2011.8333    15.0    8.0               260.0                         224.0             
  2011.0    11.0   2011.9167    29.0    5.0               289.0                         229.0             
  2011.0    12.0     2012.0     17.0    21.0              306.0                         250.0             
  2012.0    1.0    2012.0833    12.0    7.0               318.0                         257.0             
  2012.0    2.0    2012.1667    8.0     4.0               326.0                         261.0             
  2012.0    3.0     2012.25     11.0    7.0               337.0                         268.0             
  2012.0    4.0    2012.3333    12.0    19.0              349.0                         287.0             
  2012.0    5.0    2012.4167    8.0     17.0              357.0                         304.0             
  2012.0    6.0      2012.5     16.0    22.0              373.0                         326.0             
  2012.0    7.0    2012.5833    12.0    21.0              385.0                         347.0             
  2012.0    8.0    2012.6667    25.0    12.0              410.0                         359.0             
  2012.0    9.0     2012.75     16.0    2.0               426.0                         361.0             
  2012.0    10.0   2012.8333    10.0    9.0               436.0                         370.0             
  2012.0    11.0   2012.9167    15.0    11.0              451.0                         381.0             
  2012.0    12.0     2013.0     8.0     10.0              459.0                         391.0             
  2013.0    1.0    2013.0833    16.0    11.0              475.0                         402.0             
  2013.0    2.0    2013.1667    11.0    8.0               486.0                         410.0             
  2013.0    3.0     2013.25     7.0     14.0              493.0                         424.0             
  2013.0    4.0    2013.3333    9.0     18.0              502.0                         442.0             
  2013.0    5.0    2013.4167    13.0    12.0              515.0                         454.0             
  2013.0    6.0      2013.5     3.0     18.0              518.0                         472.0             
  2013.0    7.0    2013.5833    5.0     7.0               523.0                         479.0             
  2013.0    8.0    2013.6667    6.0     17.0              529.0                         496.0             
  2013.0    9.0     2013.75     7.0     13.0              536.0                         509.0             
  2013.0    10.0   2013.8333    26.0    12.0              562.0                         521.0             
  2013.0    11.0   2013.9167    9.0     18.0              571.0                         539.0             
  2013.0    12.0     2014.0     7.0     16.0              578.0                         555.0             
  2014.0    1.0    2014.0833    18.0    31.0              596.0                         586.0             
  2014.0    2.0    2014.1667    9.0     12.0              605.0                         598.0             
  2014.0    3.0     2014.25     18.0    10.0              623.0                         608.0             
  2014.0    4.0    2014.3333    12.0    17.0              635.0                         625.0             
  2014.0    5.0    2014.4167    25.0    19.0              660.0                         644.0             
  2014.0    6.0      2014.5     16.0    26.0              676.0                         670.0             
  2014.0    7.0    2014.5833    11.0    13.0              687.0                         683.0             
  2014.0    8.0    2014.6667    12.0    7.0               699.0                         690.0             
  2014.0    9.0     2014.75     13.0    8.0               712.0                         698.0             
  2014.0    10.0   2014.8333    16.0    3.0               728.0                         701.0             
  2014.0    11.0   2014.9167    27.0    7.0               755.0                         708.0             
  2014.0    12.0     2015.0     12.0    6.0               767.0                         714.0             
  2015.0    1.0    2015.0833    7.0     5.0               774.0                         719.0             
  2015.0    2.0    2015.1667    7.0     9.0               781.0                         728.0             
  2015.0    3.0     2015.25     17.0    6.0               798.0                         734.0             
  2015.0    4.0    2015.3333    17.0    8.0               815.0                         742.0             
  2015.0    5.0    2015.4167    20.0    12.0              835.0                         754.0             
  2015.0    6.0      2015.5     7.0     9.0               842.0                         763.0             
  2015.0    7.0    2015.5833    12.0    10.0              854.0                         773.0             
  2015.0    8.0    2015.6667    6.0     13.0              860.0                         786.0             
  2015.0    9.0     2015.75     6.0     23.0              866.0                         809.0             
  2015.0    10.0   2015.8333    14.0    13.0              880.0                         822.0             
  2015.0    11.0   2015.9167    10.0    16.0              890.0                         838.0             
  2015.0    12.0     2016.0     7.0     12.0              897.0                         850.0             
  2016.0    1.0    2016.0833    5.0     17.0              902.0                         867.0             
  2016.0    2.0    2016.1667    7.0     11.0              909.0                         878.0             
  2016.0    3.0     2016.25     8.0     11.0              917.0                         889.0             
  2016.0    4.0    2016.3333    12.0    7.0               929.0                         896.0             
  2016.0    5.0    2016.4167    10.0    9.0               939.0                         905.0             
  2016.0    6.0      2016.5     11.0    5.0               950.0                         910.0             
  2016.0    7.0    2016.5833    8.0     7.0               958.0                         917.0             
  2016.0    8.0    2016.6667    7.0     5.0               965.0                         922.0             
  2016.0    9.0     2016.75     6.0     5.0               971.0                         927.0             
  2016.0    10.0   2016.8333    4.0     4.0               975.0                         931.0             
  2016.0    11.0   2016.9167    5.0     8.0               980.0                         939.0             
  2016.0    12.0     2017.0     3.0     2.0               983.0                         941.0             
  2017.0    1.0    2017.0833    5.0     4.0               988.0                         945.0             
  2017.0    2.0    2017.1667    11.0    4.0               999.0                         949.0             
  2017.0    3.0     2017.25     2.0     5.0               1001.0                        954.0             
  2017.0    4.0    2017.3333    19.0    3.0               1020.0                        957.0             
  2017.0    5.0    2017.4167    3.0     5.0               1023.0                        962.0             
  2017.0    6.0      2017.5     3.0     4.0               1026.0                        966.0             
  2017.0    7.0    2017.5833    8.0     2.0               1034.0                        968.0             
  2017.0    8.0    2017.6667    5.0     2.0               1039.0                        970.0             
  2017.0    9.0     2017.75     0.0     13.0              1039.0                        983.0             
  2017.0    10.0   2017.8333    9.0     3.0               1048.0                        986.0             
  2017.0    11.0   2017.9167    4.0     3.0               1052.0                        989.0             
  2017.0    12.0     2018.0     3.0     3.0               1055.0                        992.0             
  2018.0    1.0    2018.0833    0.0     2.0               1055.0                        994.0             
  2018.0    2.0    2018.1667    1.0     0.0               1056.0                        994.0             
  2018.0    3.0     2018.25     0.0     0.0               1056.0                        994.0             
  2018.0    4.0    2018.3333    0.0     1.0               1056.0                        995.0             
  2018.0    5.0    2018.4167    0.0     2.0               1056.0                        997.0             
  2018.0    6.0      2018.5     1.0     1.0               1057.0                        998.0             
  2018.0    7.0    2018.5833    0.0     0.0               1057.0                        998.0             
  2018.0    8.0    2018.6667    1.0     0.0               1058.0                        998.0             
  2018.0    9.0     2018.75     3.0     0.0               1061.0                        998.0             
  2018.0    10.0   2018.8333    2.0     1.0               1063.0                        999.0             
  2018.0    12.0     2019.0     1.0     0.0               1064.0                        999.0             
  2019.0    1.0    2019.0833    2.0     1.0               1066.0                        1000.0            
  2019.0    2.0    2019.1667    0.0     2.0               1066.0                        1002.0            
  2019.0    3.0     2019.25     3.0     1.0               1069.0                        1003.0            
  2019.0    4.0    2019.3333    1.0     2.0               1070.0                        1005.0            
  2019.0    5.0    2019.4167    6.0     7.0               1076.0                        1012.0            
  2019.0    6.0      2019.5     0.0     2.0               1076.0                        1014.0            
  2019.0    7.0    2019.5833    0.0     2.0               1076.0                        1016.0            
  2019.0    8.0    2019.6667    1.0     0.0               1077.0                        1016.0            
  2019.0    10.0   2019.8333    1.0     1.0               1078.0                        1017.0            
  2019.0    12.0     2020.0     1.0     0.0               1079.0                        1017.0            
  2020.0    1.0    2020.0833    0.0     0.0               1079.0                        1017.0            
  2020.0    3.0     2020.25     0.0     1.0               1079.0                        1018.0            
  2020.0    4.0    2020.3333    0.0     0.0               1079.0                        1018.0            
  2020.0    5.0    2020.4167    2.0     1.0               1081.0                        1019.0            
  2020.0    6.0      2020.5     5.0     0.0               1086.0                        1019.0            
  2020.0    7.0    2020.5833    4.0     2.0               1090.0                        1021.0            
  2020.0    8.0    2020.6667    1.0     2.0               1091.0                        1023.0            
  2020.0    9.0     2020.75     1.0     0.0               1092.0                        1023.0            
  2020.0    10.0   2020.8333    3.0     0.0               1095.0                        1023.0            
  2020.0    11.0   2020.9167    5.0     9.0               1100.0                        1032.0            
  2020.0    12.0     2021.0     2.0     4.0               1102.0                        1036.0            
