  1996.0    1.0    1996.0833    0.0     0.0                0.0                           0.0              
  1996.0    2.0    1996.1667    0.0     0.0                0.0                           0.0              
  1996.0    3.0     1996.25     0.0     0.0                0.0                           0.0              
  1996.0    4.0    1996.3333    0.0     0.0                0.0                           0.0              
  1996.0    5.0    1996.4167    0.0     0.0                0.0                           0.0              
  1996.0    6.0      1996.5     0.0     0.0                0.0                           0.0              
  1996.0    7.0    1996.5833    0.0     1.0                0.0                           1.0              
  1996.0    8.0    1996.6667    0.0     2.0                0.0                           3.0              
  1996.0    9.0     1996.75     0.0     0.0                0.0                           3.0              
  1996.0    10.0   1996.8333    0.0     1.0                0.0                           4.0              
  1996.0    11.0   1996.9167    1.0     0.0                1.0                           4.0              
  1996.0    12.0     1997.0     1.0     0.0                2.0                           4.0              
  1997.0    1.0    1997.0833    0.0     0.0                2.0                           4.0              
  1997.0    2.0    1997.1667    0.0     0.0                2.0                           4.0              
  1997.0    3.0     1997.25     1.0     0.0                3.0                           4.0              
  1997.0    4.0    1997.3333    0.0     1.0                3.0                           5.0              
  1997.0    5.0    1997.4167    0.0     0.0                3.0                           5.0              
  1997.0    6.0      1997.5     0.0     0.0                3.0                           5.0              
  1997.0    7.0    1997.5833    0.0     0.0                3.0                           5.0              
  1997.0    8.0    1997.6667    2.0     0.0                5.0                           5.0              
  1997.0    9.0     1997.75     0.0     0.0                5.0                           5.0              
  1997.0    10.0   1997.8333    0.0     0.0                5.0                           5.0              
  1997.0    11.0   1997.9167    0.0     0.0                5.0                           5.0              
  1997.0    12.0     1998.0     1.0     1.0                6.0                           6.0              
  1998.0    1.0    1998.0833    1.0     1.0                7.0                           7.0              
  1998.0    2.0    1998.1667    1.0     0.0                8.0                           7.0              
  1998.0    3.0     1998.25     2.0     0.0                10.0                          7.0              
  1998.0    4.0    1998.3333    1.0     0.0                11.0                          7.0              
  1998.0    5.0    1998.4167    2.0     0.0                13.0                          7.0              
  1998.0    6.0      1998.5     3.0     3.0                16.0                          10.0             
  1998.0    10.0   1998.8333    0.0     0.0                16.0                          10.0             
  1998.0    11.0   1998.9167    0.0     1.0                16.0                          11.0             
  1998.0    12.0     1999.0     2.0     1.0                18.0                          12.0             
  1999.0    2.0    1999.1667    0.0     1.0                18.0                          13.0             
  1999.0    3.0     1999.25     2.0     2.0                20.0                          15.0             
  1999.0    4.0    1999.3333    2.0     0.0                22.0                          15.0             
  1999.0    5.0    1999.4167    4.0     2.0                26.0                          17.0             
  1999.0    6.0      1999.5     4.0     1.0                30.0                          18.0             
  1999.0    7.0    1999.5833    7.0     3.0                37.0                          21.0             
  1999.0    8.0    1999.6667    5.0     8.0                42.0                          29.0             
  1999.0    9.0     1999.75     5.0     3.0                47.0                          32.0             
  1999.0    10.0   1999.8333    4.0     2.0                51.0                          34.0             
  1999.0    11.0   1999.9167    3.0     5.0                54.0                          39.0             
  1999.0    12.0     2000.0     6.0     1.0                60.0                          40.0             
  2000.0    1.0    2000.0833    1.0     1.0                61.0                          41.0             
  2000.0    2.0    2000.1667    4.0     0.0                65.0                          41.0             
  2000.0    3.0     2000.25     3.0     0.0                68.0                          41.0             
  2000.0    4.0    2000.3333    4.0     3.0                72.0                          44.0             
  2000.0    5.0    2000.4167    5.0     1.0                77.0                          45.0             
  2000.0    6.0      2000.5     5.0     1.0                82.0                          46.0             
  2000.0    7.0    2000.5833    1.0     0.0                83.0                          46.0             
  2000.0    8.0    2000.6667    7.0     5.0                90.0                          51.0             
  2000.0    9.0     2000.75     8.0     7.0                98.0                          58.0             
  2000.0    10.0   2000.8333    3.0     3.0               101.0                          61.0             
  2000.0    11.0   2000.9167    6.0     4.0               107.0                          65.0             
  2000.0    12.0     2001.0     2.0     3.0               109.0                          68.0             
  2001.0    1.0    2001.0833    2.0     3.0               111.0                          71.0             
  2001.0    2.0    2001.1667    2.0     3.0               113.0                          74.0             
  2001.0    3.0     2001.25     3.0     4.0               116.0                          78.0             
  2001.0    4.0    2001.3333    0.0     1.0               116.0                          79.0             
  2001.0    5.0    2001.4167    1.0     3.0               117.0                          82.0             
  2001.0    6.0      2001.5     4.0     2.0               121.0                          84.0             
  2001.0    7.0    2001.5833    1.0     1.0               122.0                          85.0             
  2001.0    8.0    2001.6667    0.0     1.0               122.0                          86.0             
  2001.0    9.0     2001.75     1.0     5.0               123.0                          91.0             
  2001.0    10.0   2001.8333    2.0     1.0               125.0                          92.0             
  2001.0    11.0   2001.9167    3.0     3.0               128.0                          95.0             
  2001.0    12.0     2002.0     1.0     1.0               129.0                          96.0             
  2002.0    1.0    2002.0833    4.0     1.0               133.0                          97.0             
  2002.0    2.0    2002.1667    1.0     1.0               134.0                          98.0             
  2002.0    3.0     2002.25     4.0     8.0               138.0                         106.0             
  2002.0    4.0    2002.3333    0.0     6.0               138.0                         112.0             
  2002.0    5.0    2002.4167    3.0     0.0               141.0                         112.0             
  2002.0    6.0      2002.5     3.0     5.0               144.0                         117.0             
  2002.0    7.0    2002.5833    2.0     3.0               146.0                         120.0             
  2002.0    8.0    2002.6667    2.0     5.0               148.0                         125.0             
  2002.0    9.0     2002.75     3.0     4.0               151.0                         129.0             
  2002.0    10.0   2002.8333    1.0     3.0               152.0                         132.0             
  2002.0    11.0   2002.9167    1.0     2.0               153.0                         134.0             
  2002.0    12.0     2003.0     1.0     1.0               154.0                         135.0             
  2003.0    1.0    2003.0833    4.0     3.0               158.0                         138.0             
  2003.0    2.0    2003.1667    2.0     2.0               160.0                         140.0             
  2003.0    3.0     2003.25     1.0     3.0               161.0                         143.0             
  2003.0    4.0    2003.3333    1.0     6.0               162.0                         149.0             
  2003.0    5.0    2003.4167    3.0     9.0               165.0                         158.0             
  2003.0    6.0      2003.5     3.0     3.0               168.0                         161.0             
  2003.0    7.0    2003.5833    0.0     1.0               168.0                         162.0             
  2003.0    8.0    2003.6667    0.0     0.0               168.0                         162.0             
  2003.0    9.0     2003.75     2.0     1.0               170.0                         163.0             
  2003.0    10.0   2003.8333    1.0     3.0               171.0                         166.0             
  2003.0    11.0   2003.9167    1.0     1.0               172.0                         167.0             
  2003.0    12.0     2004.0     0.0     1.0               172.0                         168.0             
  2004.0    1.0    2004.0833    0.0     3.0               172.0                         171.0             
  2004.0    2.0    2004.1667    2.0     1.0               174.0                         172.0             
  2004.0    3.0     2004.25     3.0     5.0               177.0                         177.0             
  2004.0    4.0    2004.3333    1.0     3.0               178.0                         180.0             
  2004.0    5.0    2004.4167    1.0     3.0               179.0                         183.0             
  2004.0    6.0      2004.5     6.0     2.0               185.0                         185.0             
  2004.0    7.0    2004.5833    3.0     0.0               188.0                         185.0             
  2004.0    8.0    2004.6667    0.0     2.0               188.0                         187.0             
  2004.0    9.0     2004.75     0.0     0.0               188.0                         187.0             
  2004.0    10.0   2004.8333    2.0     0.0               190.0                         187.0             
  2004.0    11.0   2004.9167    3.0     0.0               193.0                         187.0             
  2004.0    12.0     2005.0     2.0     1.0               195.0                         188.0             
  2005.0    1.0    2005.0833    1.0     3.0               196.0                         191.0             
  2005.0    2.0    2005.1667    5.0     4.0               201.0                         195.0             
  2005.0    3.0     2005.25     10.0    1.0               211.0                         196.0             
  2005.0    4.0    2005.3333    5.0     4.0               216.0                         200.0             
  2005.0    5.0    2005.4167    9.0     5.0               225.0                         205.0             
  2005.0    6.0      2005.5     1.0     5.0               226.0                         210.0             
  2005.0    7.0    2005.5833    1.0     1.0               227.0                         211.0             
  2005.0    8.0    2005.6667    5.0     1.0               232.0                         212.0             
  2005.0    9.0     2005.75     3.0     1.0               235.0                         213.0             
  2005.0    10.0   2005.8333    6.0     8.0               241.0                         221.0             
  2005.0    11.0   2005.9167    5.0     8.0               246.0                         229.0             
  2005.0    12.0     2006.0     4.0     5.0               250.0                         234.0             
  2006.0    1.0    2006.0833    1.0     4.0               251.0                         238.0             
  2006.0    2.0    2006.1667    3.0     1.0               254.0                         239.0             
  2006.0    3.0     2006.25     1.0     0.0               255.0                         239.0             
  2006.0    4.0    2006.3333    3.0     1.0               258.0                         240.0             
  2006.0    5.0    2006.4167    1.0     1.0               259.0                         241.0             
  2006.0    6.0      2006.5     2.0     0.0               261.0                         241.0             
  2006.0    7.0    2006.5833    7.0     7.0               268.0                         248.0             
  2006.0    8.0    2006.6667    3.0     4.0               271.0                         252.0             
  2006.0    9.0     2006.75     1.0     6.0               272.0                         258.0             
  2006.0    10.0   2006.8333    5.0     1.0               277.0                         259.0             
  2006.0    11.0   2006.9167    5.0     1.0               282.0                         260.0             
  2006.0    12.0     2007.0     3.0     2.0               285.0                         262.0             
  2007.0    1.0    2007.0833    3.0     4.0               288.0                         266.0             
  2007.0    2.0    2007.1667    5.0     3.0               293.0                         269.0             
  2007.0    3.0     2007.25     9.0     10.0              302.0                         279.0             
  2007.0    4.0    2007.3333    8.0     6.0               310.0                         285.0             
  2007.0    5.0    2007.4167    4.0     4.0               314.0                         289.0             
  2007.0    6.0      2007.5     7.0     9.0               321.0                         298.0             
  2007.0    7.0    2007.5833    7.0     7.0               328.0                         305.0             
  2007.0    8.0    2007.6667    8.0     3.0               336.0                         308.0             
  2007.0    9.0     2007.75     6.0     6.0               342.0                         314.0             
  2007.0    10.0   2007.8333    8.0     3.0               350.0                         317.0             
  2007.0    11.0   2007.9167    7.0     9.0               357.0                         326.0             
  2007.0    12.0     2008.0     19.0    9.0               376.0                         335.0             
  2008.0    1.0    2008.0833    8.0     6.0               384.0                         341.0             
  2008.0    2.0    2008.1667    6.0     4.0               390.0                         345.0             
  2008.0    3.0     2008.25     14.0    7.0               404.0                         352.0             
  2008.0    4.0    2008.3333    12.0    8.0               416.0                         360.0             
  2008.0    5.0    2008.4167    3.0     4.0               419.0                         364.0             
  2008.0    6.0      2008.5     9.0     8.0               428.0                         372.0             
  2008.0    7.0    2008.5833    13.0    10.0              441.0                         382.0             
  2008.0    8.0    2008.6667    6.0     7.0               447.0                         389.0             
  2008.0    9.0     2008.75     7.0     5.0               454.0                         394.0             
  2008.0    10.0   2008.8333    9.0     8.0               463.0                         402.0             
  2008.0    11.0   2008.9167    5.0     8.0               468.0                         410.0             
