  1996.0    1.0    1996.0833               0.0                           0.0              
  1996.0    2.0    1996.1667               0.0                           0.0              
  1996.0    3.0     1996.25                0.0                           0.0              
  1996.0    4.0    1996.3333               0.0                           0.0              
  1996.0    5.0    1996.4167               0.0                           0.0              
  1996.0    6.0      1996.5                0.0                           0.0              
  1996.0    7.0    1996.5833               0.0                           1.0              
  1996.0    8.0    1996.6667               0.0                           2.0              
  1996.0    9.0     1996.75                0.0                           0.0              
  1996.0    10.0   1996.8333               0.0                           1.0              
  1996.0    11.0   1996.9167               1.0                           0.0              
  1996.0    12.0     1997.0                1.0                           0.0              
  1997.0    1.0    1997.0833               0.0                           0.0              
  1997.0    2.0    1997.1667               0.0                           0.0              
  1997.0    3.0     1997.25                1.0                           0.0              
  1997.0    4.0    1997.3333               0.0                           1.0              
  1997.0    5.0    1997.4167               0.0                           0.0              
  1997.0    6.0      1997.5                0.0                           0.0              
  1997.0    7.0    1997.5833               0.0                           0.0              
  1997.0    8.0    1997.6667               2.0                           0.0              
  1997.0    9.0     1997.75                0.0                           0.0              
  1997.0    10.0   1997.8333               0.0                           0.0              
  1997.0    11.0   1997.9167               0.0                           0.0              
  1997.0    12.0     1998.0                1.0                           1.0              
  1998.0    1.0    1998.0833               1.0                           1.0              
  1998.0    2.0    1998.1667               1.0                           0.0              
  1998.0    3.0     1998.25                2.0                           0.0              
  1998.0    4.0    1998.3333               1.0                           0.0              
  1998.0    5.0    1998.4167               2.0                           0.0              
  1998.0    6.0      1998.5                3.0                           3.0              
  1998.0    10.0   1998.8333               0.0                           0.0              
  1998.0    11.0   1998.9167               0.0                           1.0              
  1998.0    12.0     1999.0                2.0                           1.0              
  1999.0    2.0    1999.1667               0.0                           1.0              
  1999.0    3.0     1999.25                2.0                           2.0              
  1999.0    4.0    1999.3333               2.0                           0.0              
  1999.0    5.0    1999.4167               4.0                           2.0              
  1999.0    6.0      1999.5                4.0                           1.0              
  1999.0    7.0    1999.5833               7.0                           3.0              
  1999.0    8.0    1999.6667               5.0                           8.0              
  1999.0    9.0     1999.75                5.0                           3.0              
  1999.0    10.0   1999.8333               4.0                           2.0              
  1999.0    11.0   1999.9167               3.0                           5.0              
  1999.0    12.0     2000.0                6.0                           1.0              
  2000.0    1.0    2000.0833               1.0                           1.0              
  2000.0    2.0    2000.1667               4.0                           0.0              
  2000.0    3.0     2000.25                3.0                           0.0              
  2000.0    4.0    2000.3333               4.0                           3.0              
  2000.0    5.0    2000.4167               5.0                           1.0              
  2000.0    6.0      2000.5                5.0                           1.0              
  2000.0    7.0    2000.5833               1.0                           0.0              
  2000.0    8.0    2000.6667               7.0                           5.0              
  2000.0    9.0     2000.75                8.0                           7.0              
  2000.0    10.0   2000.8333               3.0                           3.0              
  2000.0    11.0   2000.9167               6.0                           4.0              
  2000.0    12.0     2001.0                2.0                           3.0              
  2001.0    1.0    2001.0833               2.0                           3.0              
  2001.0    2.0    2001.1667               2.0                           3.0              
  2001.0    3.0     2001.25                3.0                           4.0              
  2001.0    4.0    2001.3333               0.0                           1.0              
  2001.0    5.0    2001.4167               1.0                           3.0              
  2001.0    6.0      2001.5                4.0                           2.0              
  2001.0    7.0    2001.5833               1.0                           1.0              
  2001.0    8.0    2001.6667               0.0                           1.0              
  2001.0    9.0     2001.75                1.0                           5.0              
  2001.0    10.0   2001.8333               2.0                           1.0              
  2001.0    11.0   2001.9167               3.0                           3.0              
  2001.0    12.0     2002.0                1.0                           1.0              
  2002.0    1.0    2002.0833               4.0                           1.0              
  2002.0    2.0    2002.1667               1.0                           1.0              
  2002.0    3.0     2002.25                4.0                           8.0              
  2002.0    4.0    2002.3333               0.0                           6.0              
  2002.0    5.0    2002.4167               3.0                           0.0              
  2002.0    6.0      2002.5                3.0                           5.0              
  2002.0    7.0    2002.5833               2.0                           3.0              
  2002.0    8.0    2002.6667               2.0                           5.0              
  2002.0    9.0     2002.75                3.0                           4.0              
  2002.0    10.0   2002.8333               1.0                           3.0              
  2002.0    11.0   2002.9167               1.0                           2.0              
  2002.0    12.0     2003.0                1.0                           1.0              
  2003.0    1.0    2003.0833               4.0                           3.0              
  2003.0    2.0    2003.1667               2.0                           2.0              
  2003.0    3.0     2003.25                1.0                           3.0              
  2003.0    4.0    2003.3333               1.0                           6.0              
  2003.0    5.0    2003.4167               3.0                           9.0              
  2003.0    6.0      2003.5                3.0                           3.0              
  2003.0    7.0    2003.5833               0.0                           1.0              
  2003.0    8.0    2003.6667               0.0                           0.0              
  2003.0    9.0     2003.75                2.0                           1.0              
  2003.0    10.0   2003.8333               1.0                           3.0              
  2003.0    11.0   2003.9167               1.0                           1.0              
  2003.0    12.0     2004.0                0.0                           1.0              
  2004.0    1.0    2004.0833               0.0                           3.0              
  2004.0    2.0    2004.1667               2.0                           1.0              
  2004.0    3.0     2004.25                3.0                           5.0              
  2004.0    4.0    2004.3333               1.0                           3.0              
  2004.0    5.0    2004.4167               1.0                           3.0              
  2004.0    6.0      2004.5                6.0                           2.0              
  2004.0    7.0    2004.5833               3.0                           0.0              
  2004.0    8.0    2004.6667               0.0                           2.0              
  2004.0    9.0     2004.75                0.0                           0.0              
  2004.0    10.0   2004.8333               2.0                           0.0              
  2004.0    11.0   2004.9167               3.0                           0.0              
  2004.0    12.0     2005.0                2.0                           1.0              
  2005.0    1.0    2005.0833               1.0                           3.0              
  2005.0    2.0    2005.1667               5.0                           4.0              
  2005.0    3.0     2005.25                10.0                          1.0              
  2005.0    4.0    2005.3333               5.0                           4.0              
  2005.0    5.0    2005.4167               9.0                           5.0              
  2005.0    6.0      2005.5                1.0                           5.0              
  2005.0    7.0    2005.5833               1.0                           1.0              
  2005.0    8.0    2005.6667               5.0                           1.0              
  2005.0    9.0     2005.75                3.0                           1.0              
  2005.0    10.0   2005.8333               6.0                           8.0              
  2005.0    11.0   2005.9167               5.0                           8.0              
  2005.0    12.0     2006.0                4.0                           5.0              
  2006.0    1.0    2006.0833               1.0                           4.0              
  2006.0    2.0    2006.1667               3.0                           1.0              
  2006.0    3.0     2006.25                1.0                           0.0              
  2006.0    4.0    2006.3333               3.0                           1.0              
  2006.0    5.0    2006.4167               1.0                           1.0              
  2006.0    6.0      2006.5                2.0                           0.0              
  2006.0    7.0    2006.5833               7.0                           7.0              
  2006.0    8.0    2006.6667               3.0                           4.0              
  2006.0    9.0     2006.75                1.0                           6.0              
  2006.0    10.0   2006.8333               5.0                           1.0              
  2006.0    11.0   2006.9167               5.0                           1.0              
  2006.0    12.0     2007.0                3.0                           2.0              
  2007.0    1.0    2007.0833               3.0                           4.0              
  2007.0    2.0    2007.1667               5.0                           3.0              
  2007.0    3.0     2007.25                9.0                           10.0             
  2007.0    4.0    2007.3333               8.0                           6.0              
  2007.0    5.0    2007.4167               4.0                           4.0              
  2007.0    6.0      2007.5                7.0                           9.0              
  2007.0    7.0    2007.5833               7.0                           7.0              
  2007.0    8.0    2007.6667               8.0                           3.0              
  2007.0    9.0     2007.75                6.0                           6.0              
  2007.0    10.0   2007.8333               8.0                           3.0              
  2007.0    11.0   2007.9167               7.0                           9.0              
  2007.0    12.0     2008.0                19.0                          9.0              
  2008.0    1.0    2008.0833               8.0                           6.0              
  2008.0    2.0    2008.1667               6.0                           4.0              
  2008.0    3.0     2008.25                14.0                          7.0              
  2008.0    4.0    2008.3333               12.0                          8.0              
  2008.0    5.0    2008.4167               3.0                           4.0              
  2008.0    6.0      2008.5                9.0                           8.0              
  2008.0    7.0    2008.5833               13.0                          10.0             
  2008.0    8.0    2008.6667               6.0                           7.0              
  2008.0    9.0     2008.75                7.0                           5.0              
  2008.0    10.0   2008.8333               9.0                           8.0              
  2008.0    11.0   2008.9167               5.0                           8.0              
