1996.0   1.0     1996.0833         0.0             0.0             0.0            0.0       
1996.0   3.0      1996.25          1.0             3.0             -2.0           -0.5      
1996.0   4.0     1996.3333         1.0             5.0             -4.0         -0.6667     
1996.0   5.0     1996.4167         1.0             5.0             -4.0         -0.6667     
1996.0   6.0       1996.5          1.0             5.0             -4.0         -0.6667     
1996.0   7.0     1996.5833         2.0             8.0             -6.0           -0.6      
1996.0   8.0     1996.6667         4.0             13.0            -9.0         -0.5294     
1996.0   9.0      1996.75          8.0             14.0            -6.0         -0.2727     
1996.0   10.0    1996.8333         12.0            17.0            -5.0         -0.1724     
1996.0   11.0    1996.9167         13.0            21.0            -8.0         -0.2353     
1996.0   12.0      1997.0          18.0            25.0            -7.0         -0.1628     
1997.0   1.0     1997.0833         19.0            29.0           -10.0         -0.2083     
1997.0   2.0     1997.1667         20.0            33.0           -13.0         -0.2453     
1997.0   3.0      1997.25          21.0            37.0           -16.0         -0.2759     
1997.0   4.0     1997.3333         24.0            41.0           -17.0         -0.2615     
1997.0   5.0     1997.4167         27.0            42.0           -15.0         -0.2174     
1997.0   6.0       1997.5          32.0            44.0           -12.0         -0.1579     
1997.0   7.0     1997.5833         38.0            46.0            -8.0         -0.0952     
1997.0   8.0     1997.6667         41.0            48.0            -7.0         -0.0787     
1997.0   9.0      1997.75          50.0            54.0            -4.0         -0.0385     
1997.0   10.0    1997.8333         57.0            58.0            -1.0         -0.0087     
1997.0   11.0    1997.9167         67.0            65.0            2.0           0.0152     
1997.0   12.0      1998.0          68.0            67.0            1.0           0.0074     
1998.0   1.0     1998.0833         78.0            73.0            5.0           0.0331     
1998.0   2.0     1998.1667        101.0            86.0            15.0          0.0802     
1998.0   3.0      1998.25         113.0            99.0            14.0          0.066      
1998.0   4.0     1998.3333        132.0           115.0            17.0          0.0688     
1998.0   5.0     1998.4167        151.0           136.0            15.0          0.0523     
1998.0   6.0       1998.5         174.0           164.0            10.0          0.0296     
1998.0   10.0    1998.8333        185.0           171.0            14.0          0.0393     
1998.0   11.0    1998.9167        206.0           188.0            18.0          0.0457     
1998.0   12.0      1999.0         218.0           196.0            22.0          0.0531     
1999.0   2.0     1999.1667        225.0           207.0            18.0          0.0417     
1999.0   3.0      1999.25         242.0           227.0            15.0          0.032      
1999.0   4.0     1999.3333        261.0           246.0            15.0          0.0296     
1999.0   5.0     1999.4167        285.0           258.0            27.0          0.0497     
1999.0   6.0       1999.5         310.0           277.0            33.0          0.0562     
1999.0   7.0     1999.5833        333.0           289.0            44.0          0.0707     
1999.0   8.0     1999.6667        356.0           304.0            52.0          0.0788     
1999.0   9.0      1999.75         375.0           316.0            59.0          0.0854     
1999.0   10.0    1999.8333        391.0           326.0            65.0          0.0907     
1999.0   11.0    1999.9167        398.0           336.0            62.0          0.0845     
1999.0   12.0      2000.0         408.0           347.0            61.0          0.0808     
2000.0   1.0     2000.0833        421.0           361.0            60.0          0.0767     
2000.0   2.0     2000.1667        446.0           390.0            56.0          0.067      
2000.0   3.0      2000.25         466.0           434.0            32.0          0.0356     
2000.0   4.0     2000.3333        494.0           461.0            33.0          0.0346     
2000.0   5.0     2000.4167        525.0           493.0            32.0          0.0314     
2000.0   6.0       2000.5         568.0           510.0            58.0          0.0538     
2000.0   7.0     2000.5833        601.0           536.0            65.0          0.0572     
2000.0   8.0     2000.6667        622.0           554.0            68.0          0.0578     
2000.0   9.0      2000.75         643.0           567.0            76.0          0.0628     
2000.0   10.0    2000.8333        660.0           583.0            77.0          0.0619     
2000.0   11.0    2000.9167        676.0           605.0            71.0          0.0554     
2000.0   12.0      2001.0         696.0           619.0            77.0          0.0586     
2001.0   1.0     2001.0833        716.0           636.0            80.0          0.0592     
2001.0   2.0     2001.1667        732.0           648.0            84.0          0.0609     
2001.0   3.0      2001.25         753.0           683.0            70.0          0.0487     
2001.0   4.0     2001.3333        775.0           701.0            74.0          0.0501     
2001.0   5.0     2001.4167        791.0           722.0            69.0          0.0456     
2001.0   6.0       2001.5         820.0           743.0            77.0          0.0493     
2001.0   7.0     2001.5833        832.0           767.0            65.0          0.0407     
2001.0   8.0     2001.6667        859.0           800.0            59.0          0.0356     
2001.0   9.0      2001.75         880.0           831.0            49.0          0.0286     
2001.0   10.0    2001.8333        912.0           860.0            52.0          0.0293     
2001.0   11.0    2001.9167        935.0           877.0            58.0          0.032      
2001.0   12.0      2002.0         969.0           899.0            70.0          0.0375     
2002.0   1.0     2002.0833        990.0           915.0            75.0          0.0394     
2002.0   2.0     2002.1667        1001.0          932.0            69.0          0.0357     
2002.0   3.0      2002.25         1015.0          969.0            46.0          0.0232     
2002.0   4.0     2002.3333        1030.0          1002.0           28.0          0.0138     
2002.0   5.0     2002.4167        1056.0          1033.0           23.0          0.011      
2002.0   6.0       2002.5         1073.0          1044.0           29.0          0.0137     
2002.0   7.0     2002.5833        1096.0          1068.0           28.0          0.0129     
2002.0   8.0     2002.6667        1119.0          1113.0           6.0           0.0027     
2002.0   9.0      2002.75         1148.0          1135.0           13.0          0.0057     
2002.0   10.0    2002.8333        1178.0          1163.0           15.0          0.0064     
2002.0   11.0    2002.9167        1200.0          1191.0           9.0           0.0038     
2002.0   12.0      2003.0         1213.0          1207.0           6.0           0.0025     
2003.0   1.0     2003.0833        1233.0          1225.0           8.0           0.0033     
2003.0   2.0     2003.1667        1245.0          1234.0           11.0          0.0044     
2003.0   3.0      2003.25         1262.0          1245.0           17.0          0.0068     
2003.0   4.0     2003.3333        1293.0          1263.0           30.0          0.0117     
2003.0   5.0     2003.4167        1308.0          1270.0           38.0          0.0147     
2003.0   6.0       2003.5         1323.0          1276.0           47.0          0.0181     
2003.0   7.0     2003.5833        1336.0          1281.0           55.0          0.021      
2003.0   8.0     2003.6667        1354.0          1298.0           56.0          0.0211     
2003.0   9.0      2003.75         1362.0          1309.0           53.0          0.0198     
2003.0   10.0    2003.8333        1390.0          1333.0           57.0          0.0209     
2003.0   11.0    2003.9167        1402.0          1355.0           47.0          0.017      
2003.0   12.0      2004.0         1407.0          1364.0           43.0          0.0155     
2004.0   1.0     2004.0833        1421.0          1382.0           39.0          0.0139     
2004.0   2.0     2004.1667        1424.0          1391.0           33.0          0.0117     
2004.0   3.0      2004.25         1432.0          1410.0           22.0          0.0077     
2004.0   4.0     2004.3333        1440.0          1422.0           18.0          0.0063     
2004.0   5.0     2004.4167        1444.0          1447.0           -3.0          -0.001     
2004.0   6.0       2004.5         1463.0          1457.0           6.0           0.0021     
2004.0   7.0     2004.5833        1479.0          1477.0           2.0           0.0007     
2004.0   8.0     2004.6667        1492.0          1485.0           7.0           0.0024     
2004.0   9.0      2004.75         1496.0          1498.0           -2.0         -0.0007     
2004.0   10.0    2004.8333        1519.0          1517.0           2.0           0.0007     
2004.0   11.0    2004.9167        1528.0          1531.0           -3.0          -0.001     
2004.0   12.0      2005.0         1539.0          1548.0           -9.0         -0.0029     
2005.0   1.0     2005.0833        1554.0          1568.0          -14.0         -0.0045     
2005.0   2.0     2005.1667        1558.0          1580.0          -22.0          -0.007     
2005.0   3.0      2005.25         1566.0          1593.0          -27.0         -0.0085     
2005.0   4.0     2005.3333        1572.0          1616.0          -44.0         -0.0138     
2005.0   5.0     2005.4167        1592.0          1644.0          -52.0         -0.0161     
2005.0   6.0       2005.5         1607.0          1656.0          -49.0          -0.015     
2005.0   7.0     2005.5833        1645.0          1677.0          -32.0         -0.0096     
2005.0   8.0     2005.6667        1666.0          1696.0          -30.0         -0.0089     
2005.0   9.0      2005.75         1680.0          1709.0          -29.0         -0.0086     
2005.0   10.0    2005.8333        1689.0          1719.0          -30.0         -0.0088     
2005.0   11.0    2005.9167        1696.0          1730.0          -34.0         -0.0099     
2005.0   12.0      2006.0         1712.0          1744.0          -32.0         -0.0093     
2006.0   1.0     2006.0833        1719.0          1750.0          -31.0         -0.0089     
2006.0   2.0     2006.1667        1719.0          1755.0          -36.0         -0.0104     
2006.0   3.0      2006.25         1724.0          1760.0          -36.0         -0.0103     
2006.0   4.0     2006.3333        1728.0          1770.0          -42.0          -0.012     
2006.0   5.0     2006.4167        1731.0          1785.0          -54.0         -0.0154     
2006.0   6.0       2006.5         1732.0          1794.0          -62.0         -0.0176     
2006.0   7.0     2006.5833        1734.0          1798.0          -64.0         -0.0181     
2006.0   8.0     2006.6667        1735.0          1801.0          -66.0         -0.0187     
2006.0   9.0      2006.75         1735.0          1805.0          -70.0         -0.0198     
2006.0   10.0    2006.8333        1738.0          1819.0          -81.0         -0.0228     
2006.0   11.0    2006.9167        1750.0          1841.0          -91.0         -0.0253     
2006.0   12.0      2007.0         1757.0          1852.0          -95.0         -0.0263     
2007.0   1.0     2007.0833        1771.0          1861.0          -90.0         -0.0248     
2007.0   2.0     2007.1667        1774.0          1867.0          -93.0         -0.0255     
2007.0   3.0      2007.25         1782.0          1872.0          -90.0         -0.0246     
2007.0   4.0     2007.3333        1785.0          1875.0          -90.0         -0.0246     
2007.0   5.0     2007.4167        1794.0          1879.0          -85.0         -0.0231     
2007.0   6.0       2007.5         1803.0          1885.0          -82.0         -0.0222     
2007.0   7.0     2007.5833        1809.0          1890.0          -81.0         -0.0219     
2007.0   8.0     2007.6667        1813.0          1901.0          -88.0         -0.0237     
2007.0   9.0      2007.75         1815.0          1904.0          -89.0         -0.0239     
2007.0   10.0    2007.8333        1817.0          1904.0          -87.0         -0.0234     
2007.0   11.0    2007.9167        1818.0          1905.0          -87.0         -0.0234     
2007.0   12.0      2008.0         1819.0          1907.0          -88.0         -0.0236     
2008.0   1.0     2008.0833        1821.0          1908.0          -87.0         -0.0233     
2008.0   2.0     2008.1667        1824.0          1910.0          -86.0          -0.023     
2008.0   3.0      2008.25         1826.0          1912.0          -86.0          -0.023     
2008.0   4.0     2008.3333        1830.0          1918.0          -88.0         -0.0235     
2008.0   5.0     2008.4167        1830.0          1922.0          -92.0         -0.0245     
2008.0   6.0       2008.5         1832.0          1925.0          -93.0         -0.0248     
2008.0   7.0     2008.5833        1835.0          1928.0          -93.0         -0.0247     
2008.0   8.0     2008.6667        1836.0          1930.0          -94.0          -0.025     
2008.0   9.0      2008.75         1836.0          1931.0          -95.0         -0.0252     
2008.0   10.0    2008.8333        1838.0          1935.0          -97.0         -0.0257     
2008.0   11.0    2008.9167        1844.0          1935.0          -91.0         -0.0241     
