1996.0   1.0     1996.0833         0.0             1.0             -1.0           -1.0      
1996.0   2.0     1996.1667         0.0             1.0             -1.0           -1.0      
1996.0   3.0      1996.25          3.0             2.0             1.0            0.2       
1996.0   4.0     1996.3333         4.0             4.0             0.0            0.0       
1996.0   5.0     1996.4167         5.0             5.0             0.0            0.0       
1996.0   6.0       1996.5          5.0             6.0             -1.0         -0.0909     
1996.0   7.0     1996.5833         5.0             9.0             -4.0         -0.2857     
1996.0   8.0     1996.6667         6.0             11.0            -5.0         -0.2941     
1996.0   9.0      1996.75          9.0             15.0            -6.0          -0.25      
1996.0   10.0    1996.8333         10.0            17.0            -7.0         -0.2593     
1996.0   11.0    1996.9167         11.0            19.0            -8.0         -0.2667     
1996.0   12.0      1997.0          11.0            24.0           -13.0         -0.3714     
1997.0   1.0     1997.0833         14.0            24.0           -10.0         -0.2632     
1997.0   2.0     1997.1667         16.0            26.0           -10.0         -0.2381     
1997.0   3.0      1997.25          17.0            27.0           -10.0         -0.2273     
1997.0   4.0     1997.3333         23.0            28.0            -5.0          -0.098     
1997.0   5.0     1997.4167         25.0            30.0            -5.0         -0.0909     
1997.0   6.0       1997.5          28.0            31.0            -3.0         -0.0508     
1997.0   7.0     1997.5833         33.0            32.0            1.0           0.0154     
1997.0   8.0     1997.6667         34.0            33.0            1.0           0.0149     
1997.0   9.0      1997.75          37.0            37.0            0.0            0.0       
1997.0   10.0    1997.8333         40.0            39.0            1.0           0.0127     
1997.0   11.0    1997.9167         43.0            43.0            0.0            0.0       
1997.0   12.0      1998.0          50.0            45.0            5.0           0.0526     
1998.0   1.0     1998.0833         56.0            48.0            8.0           0.0769     
1998.0   2.0     1998.1667         65.0            55.0            10.0          0.0833     
1998.0   3.0      1998.25          72.0            60.0            12.0          0.0909     
1998.0   4.0     1998.3333         77.0            66.0            11.0          0.0769     
1998.0   5.0     1998.4167         90.0            70.0            20.0          0.125      
1998.0   6.0       1998.5          95.0            80.0            15.0          0.0857     
1998.0   10.0    1998.8333         97.0            80.0            17.0          0.096      
1998.0   11.0    1998.9167        100.0            80.0            20.0          0.1111     
1998.0   12.0      1999.0         103.0            83.0            20.0          0.1075     
1999.0   2.0     1999.1667        104.0            84.0            20.0          0.1064     
1999.0   3.0      1999.25         106.0            88.0            18.0          0.0928     
1999.0   4.0     1999.3333        107.0            91.0            16.0          0.0808     
1999.0   5.0     1999.4167        115.0            92.0            23.0          0.1111     
1999.0   6.0       1999.5         118.0            99.0            19.0          0.0876     
1999.0   7.0     1999.5833        132.0           109.0            23.0          0.0954     
1999.0   8.0     1999.6667        142.0           113.0            29.0          0.1137     
1999.0   9.0      1999.75         157.0           119.0            38.0          0.1377     
1999.0   10.0    1999.8333        164.0           124.0            40.0          0.1389     
1999.0   11.0    1999.9167        167.0           136.0            31.0          0.1023     
1999.0   12.0      2000.0         176.0           139.0            37.0          0.1175     
2000.0   1.0     2000.0833        180.0           145.0            35.0          0.1077     
2000.0   2.0     2000.1667        184.0           151.0            33.0          0.0985     
2000.0   3.0      2000.25         188.0           155.0            33.0          0.0962     
2000.0   4.0     2000.3333        194.0           159.0            35.0          0.0992     
2000.0   5.0     2000.4167        195.0           163.0            32.0          0.0894     
2000.0   6.0       2000.5         203.0           169.0            34.0          0.0914     
2000.0   7.0     2000.5833        209.0           174.0            35.0          0.0914     
2000.0   8.0     2000.6667        223.0           187.0            36.0          0.0878     
2000.0   9.0      2000.75         238.0           197.0            41.0          0.0943     
2000.0   10.0    2000.8333        253.0           206.0            47.0          0.1024     
2000.0   11.0    2000.9167        268.0           222.0            46.0          0.0939     
2000.0   12.0      2001.0         286.0           226.0            60.0          0.1172     
2001.0   1.0     2001.0833        296.0           232.0            64.0          0.1212     
2001.0   2.0     2001.1667        303.0           234.0            69.0          0.1285     
2001.0   3.0      2001.25         311.0           242.0            69.0          0.1248     
2001.0   4.0     2001.3333        311.0           250.0            61.0          0.1087     
2001.0   5.0     2001.4167        317.0           256.0            61.0          0.1065     
2001.0   6.0       2001.5         327.0           262.0            65.0          0.1104     
2001.0   7.0     2001.5833        330.0           269.0            61.0          0.1018     
2001.0   8.0     2001.6667        331.0           272.0            59.0          0.0978     
2001.0   9.0      2001.75         349.0           289.0            60.0          0.094      
2001.0   10.0    2001.8333        363.0           296.0            67.0          0.1017     
2001.0   11.0    2001.9167        366.0           297.0            69.0          0.1041     
2001.0   12.0      2002.0         369.0           299.0            70.0          0.1048     
2002.0   1.0     2002.0833        374.0           306.0            68.0           0.1       
2002.0   2.0     2002.1667        379.0           311.0            68.0          0.0986     
2002.0   3.0      2002.25         383.0           326.0            57.0          0.0804     
2002.0   4.0     2002.3333        389.0           337.0            52.0          0.0716     
2002.0   5.0     2002.4167        400.0           343.0            57.0          0.0767     
2002.0   6.0       2002.5         416.0           350.0            66.0          0.0862     
2002.0   7.0     2002.5833        423.0           357.0            66.0          0.0846     
2002.0   8.0     2002.6667        430.0           365.0            65.0          0.0818     
2002.0   9.0      2002.75         442.0           376.0            66.0          0.0807     
2002.0   10.0    2002.8333        451.0           386.0            65.0          0.0777     
2002.0   11.0    2002.9167        456.0           395.0            61.0          0.0717     
2002.0   12.0      2003.0         464.0           402.0            62.0          0.0716     
2003.0   1.0     2003.0833        473.0           410.0            63.0          0.0713     
2003.0   2.0     2003.1667        484.0           423.0            61.0          0.0673     
2003.0   3.0      2003.25         501.0           431.0            70.0          0.0751     
2003.0   4.0     2003.3333        522.0           442.0            80.0          0.083      
2003.0   5.0     2003.4167        536.0           452.0            84.0          0.085      
2003.0   6.0       2003.5         547.0           460.0            87.0          0.0864     
2003.0   7.0     2003.5833        554.0           464.0            90.0          0.0884     
2003.0   8.0     2003.6667        562.0           471.0            91.0          0.0881     
2003.0   9.0      2003.75         574.0           476.0            98.0          0.0933     
2003.0   10.0    2003.8333        578.0           482.0            96.0          0.0906     
2003.0   11.0    2003.9167        583.0           486.0            97.0          0.0907     
2003.0   12.0      2004.0         588.0           492.0            96.0          0.0889     
2004.0   1.0     2004.0833        594.0           496.0            98.0          0.0899     
2004.0   2.0     2004.1667        610.0           511.0            99.0          0.0883     
2004.0   3.0      2004.25         617.0           532.0            85.0          0.074      
2004.0   4.0     2004.3333        623.0           547.0            76.0          0.065      
2004.0   5.0     2004.4167        634.0           572.0            62.0          0.0514     
2004.0   6.0       2004.5         646.0           590.0            56.0          0.0453     
2004.0   7.0     2004.5833        651.0           598.0            53.0          0.0424     
2004.0   8.0     2004.6667        653.0           603.0            50.0          0.0398     
2004.0   9.0      2004.75         657.0           608.0            49.0          0.0387     
2004.0   10.0    2004.8333        665.0           617.0            48.0          0.0374     
2004.0   11.0    2004.9167        666.0           627.0            39.0          0.0302     
2004.0   12.0      2005.0         667.0           632.0            35.0          0.0269     
2005.0   1.0     2005.0833        673.0           642.0            31.0          0.0236     
2005.0   2.0     2005.1667        684.0           663.0            21.0          0.0156     
2005.0   3.0      2005.25         695.0           678.0            17.0          0.0124     
2005.0   4.0     2005.3333        703.0           687.0            16.0          0.0115     
2005.0   5.0     2005.4167        713.0           710.0            3.0           0.0021     
2005.0   6.0       2005.5         731.0           722.0            9.0           0.0062     
2005.0   7.0     2005.5833        740.0           734.0            6.0           0.0041     
2005.0   8.0     2005.6667        747.0           747.0            0.0            0.0       
2005.0   9.0      2005.75         752.0           753.0            -1.0         -0.0007     
2005.0   10.0    2005.8333        758.0           759.0            -1.0         -0.0007     
2005.0   11.0    2005.9167        766.0           764.0            2.0           0.0013     
2005.0   12.0      2006.0         774.0           770.0            4.0           0.0026     
2006.0   1.0     2006.0833        791.0           806.0           -15.0         -0.0094     
2006.0   2.0     2006.1667        807.0           826.0           -19.0         -0.0116     
2006.0   3.0      2006.25         812.0           844.0           -32.0         -0.0193     
2006.0   4.0     2006.3333        828.0           862.0           -34.0         -0.0201     
2006.0   5.0     2006.4167        846.0           893.0           -47.0          -0.027     
2006.0   6.0       2006.5         865.0           923.0           -58.0         -0.0324     
2006.0   7.0     2006.5833        888.0           964.0           -76.0          -0.041     
2006.0   8.0     2006.6667        905.0           1014.0          -109.0        -0.0568     
2006.0   9.0      2006.75         926.0           1050.0          -124.0        -0.0628     
2006.0   10.0    2006.8333        930.0           1065.0          -135.0        -0.0677     
2006.0   11.0    2006.9167        934.0           1076.0          -142.0        -0.0706     
2006.0   12.0      2007.0         937.0           1085.0          -148.0        -0.0732     
2007.0   1.0     2007.0833        953.0           1112.0          -159.0         -0.077     
2007.0   2.0     2007.1667        971.0           1135.0          -164.0        -0.0779     
2007.0   3.0      2007.25         1004.0          1168.0          -164.0        -0.0755     
2007.0   4.0     2007.3333        1057.0          1217.0          -160.0        -0.0704     
2007.0   5.0     2007.4167        1092.0          1258.0          -166.0        -0.0706     
2007.0   6.0       2007.5         1135.0          1307.0          -172.0        -0.0704     
2007.0   7.0     2007.5833        1166.0          1357.0          -191.0        -0.0757     
2007.0   8.0     2007.6667        1183.0          1398.0          -215.0        -0.0833     
2007.0   9.0      2007.75         1212.0          1451.0          -239.0        -0.0897     
2007.0   10.0    2007.8333        1236.0          1478.0          -242.0        -0.0892     
2007.0   11.0    2007.9167        1255.0          1501.0          -246.0        -0.0893     
2007.0   12.0      2008.0         1268.0          1534.0          -266.0        -0.0949     
2008.0   1.0     2008.0833        1289.0          1561.0          -272.0        -0.0954     
2008.0   2.0     2008.1667        1308.0          1572.0          -264.0        -0.0917     
2008.0   3.0      2008.25         1321.0          1606.0          -285.0        -0.0974     
2008.0   4.0     2008.3333        1338.0          1618.0          -280.0        -0.0947     
2008.0   5.0     2008.4167        1354.0          1640.0          -286.0        -0.0955     
2008.0   6.0       2008.5         1363.0          1665.0          -302.0        -0.0997     
2008.0   7.0     2008.5833        1376.0          1684.0          -308.0        -0.1007     
2008.0   8.0     2008.6667        1389.0          1694.0          -305.0        -0.0989     
2008.0   9.0      2008.75         1402.0          1713.0          -311.0        -0.0998     
2008.0   10.0    2008.8333        1423.0          1725.0          -302.0        -0.0959     
2008.0   11.0    2008.9167        1437.0          1731.0          -294.0        -0.0928     
