2008.0   12.0      2009.0          2.0             2.0             0.0            0.0       
2009.0   1.0     2009.0833         5.0             4.0             1.0           0.1111     
2009.0   2.0     2009.1667         8.0             5.0             3.0           0.2308     
2009.0   3.0      2009.25          9.0             6.0             3.0            0.2       
2009.0   4.0     2009.3333         12.0            6.0             6.0           0.3333     
2009.0   5.0     2009.4167         16.0            9.0             7.0            0.28      
2009.0   6.0       2009.5          20.0            14.0            6.0           0.1765     
2009.0   7.0     2009.5833         25.0            16.0            9.0           0.2195     
2009.0   8.0     2009.6667         28.0            17.0            11.0          0.2444     
2009.0   9.0      2009.75          30.0            21.0            9.0           0.1765     
2009.0   10.0    2009.8333         32.0            24.0            8.0           0.1429     
2009.0   11.0    2009.9167         35.0            28.0            7.0           0.1111     
2009.0   12.0      2010.0          38.0            32.0            6.0           0.0857     
2010.0   1.0     2010.0833         40.0            37.0            3.0           0.039      
2010.0   2.0     2010.1667         53.0            45.0            8.0           0.0816     
2010.0   3.0      2010.25          61.0            54.0            7.0           0.0609     
2010.0   4.0     2010.3333         67.0            63.0            4.0           0.0308     
2010.0   5.0     2010.4167         72.0            71.0            1.0           0.007      
2010.0   6.0       2010.5          86.0            78.0            8.0           0.0488     
2010.0   7.0     2010.5833         93.0            83.0            10.0          0.0568     
2010.0   8.0     2010.6667        103.0            97.0            6.0            0.03      
2010.0   9.0      2010.75         109.0           105.0            4.0           0.0187     
2010.0   10.0    2010.8333        116.0           109.0            7.0           0.0311     
2010.0   11.0    2010.9167        123.0           126.0            -3.0          -0.012     
2010.0   12.0      2011.0         131.0           133.0            -2.0         -0.0076     
2011.0   1.0     2011.0833        143.0           140.0            3.0           0.0106     
2011.0   2.0     2011.1667        148.0           142.0            6.0           0.0207     
2011.0   3.0      2011.25         162.0           154.0            8.0           0.0253     
2011.0   4.0     2011.3333        169.0           163.0            6.0           0.0181     
2011.0   5.0     2011.4167        185.0           175.0            10.0          0.0278     
2011.0   6.0       2011.5         195.0           186.0            9.0           0.0236     
2011.0   7.0     2011.5833        202.0           190.0            12.0          0.0306     
2011.0   8.0     2011.6667        216.0           195.0            21.0          0.0511     
2011.0   9.0      2011.75         245.0           216.0            29.0          0.0629     
2011.0   10.0    2011.8333        260.0           224.0            36.0          0.0744     
2011.0   11.0    2011.9167        289.0           229.0            60.0          0.1158     
2011.0   12.0      2012.0         306.0           250.0            56.0          0.1007     
2012.0   1.0     2012.0833        318.0           257.0            61.0          0.1061     
2012.0   2.0     2012.1667        326.0           261.0            65.0          0.1107     
2012.0   3.0      2012.25         337.0           268.0            69.0          0.114      
2012.0   4.0     2012.3333        349.0           287.0            62.0          0.0975     
2012.0   5.0     2012.4167        357.0           304.0            53.0          0.0802     
2012.0   6.0       2012.5         373.0           326.0            47.0          0.0672     
2012.0   7.0     2012.5833        385.0           347.0            38.0          0.0519     
2012.0   8.0     2012.6667        410.0           359.0            51.0          0.0663     
2012.0   9.0      2012.75         426.0           361.0            65.0          0.0826     
2012.0   10.0    2012.8333        436.0           370.0            66.0          0.0819     
2012.0   11.0    2012.9167        451.0           381.0            70.0          0.0841     
2012.0   12.0      2013.0         459.0           391.0            68.0           0.08      
2013.0   1.0     2013.0833        475.0           402.0            73.0          0.0832     
2013.0   2.0     2013.1667        486.0           410.0            76.0          0.0848     
2013.0   3.0      2013.25         493.0           424.0            69.0          0.0752     
2013.0   4.0     2013.3333        502.0           442.0            60.0          0.0636     
2013.0   5.0     2013.4167        515.0           454.0            61.0          0.063      
2013.0   6.0       2013.5         518.0           472.0            46.0          0.0465     
2013.0   7.0     2013.5833        523.0           479.0            44.0          0.0439     
2013.0   8.0     2013.6667        529.0           496.0            33.0          0.0322     
2013.0   9.0      2013.75         536.0           509.0            27.0          0.0258     
2013.0   10.0    2013.8333        562.0           521.0            41.0          0.0379     
2013.0   11.0    2013.9167        571.0           539.0            32.0          0.0288     
2013.0   12.0      2014.0         578.0           555.0            23.0          0.0203     
2014.0   1.0     2014.0833        596.0           586.0            10.0          0.0085     
2014.0   2.0     2014.1667        605.0           598.0            7.0           0.0058     
2014.0   3.0      2014.25         623.0           608.0            15.0          0.0122     
2014.0   4.0     2014.3333        635.0           625.0            10.0          0.0079     
2014.0   5.0     2014.4167        660.0           644.0            16.0          0.0123     
2014.0   6.0       2014.5         676.0           670.0            6.0           0.0045     
2014.0   7.0     2014.5833        687.0           683.0            4.0           0.0029     
2014.0   8.0     2014.6667        699.0           690.0            9.0           0.0065     
2014.0   9.0      2014.75         712.0           698.0            14.0          0.0099     
2014.0   10.0    2014.8333        728.0           701.0            27.0          0.0189     
2014.0   11.0    2014.9167        755.0           708.0            47.0          0.0321     
2014.0   12.0      2015.0         767.0           714.0            53.0          0.0358     
2015.0   1.0     2015.0833        774.0           719.0            55.0          0.0368     
2015.0   2.0     2015.1667        781.0           728.0            53.0          0.0351     
2015.0   3.0      2015.25         798.0           734.0            64.0          0.0418     
2015.0   4.0     2015.3333        815.0           742.0            73.0          0.0469     
2015.0   5.0     2015.4167        835.0           754.0            81.0          0.051      
2015.0   6.0       2015.5         842.0           763.0            79.0          0.0492     
2015.0   7.0     2015.5833        854.0           773.0            81.0          0.0498     
2015.0   8.0     2015.6667        860.0           786.0            74.0          0.045      
2015.0   9.0      2015.75         866.0           809.0            57.0          0.034      
2015.0   10.0    2015.8333        880.0           822.0            58.0          0.0341     
2015.0   11.0    2015.9167        890.0           838.0            52.0          0.0301     
2015.0   12.0      2016.0         897.0           850.0            47.0          0.0269     
2016.0   1.0     2016.0833        902.0           867.0            35.0          0.0198     
2016.0   2.0     2016.1667        909.0           878.0            31.0          0.0173     
2016.0   3.0      2016.25         917.0           889.0            28.0          0.0155     
2016.0   4.0     2016.3333        929.0           896.0            33.0          0.0181     
2016.0   5.0     2016.4167        939.0           905.0            34.0          0.0184     
2016.0   6.0       2016.5         950.0           910.0            40.0          0.0215     
2016.0   7.0     2016.5833        958.0           917.0            41.0          0.0219     
2016.0   8.0     2016.6667        965.0           922.0            43.0          0.0228     
2016.0   9.0      2016.75         971.0           927.0            44.0          0.0232     
2016.0   10.0    2016.8333        975.0           931.0            44.0          0.0231     
2016.0   11.0    2016.9167        980.0           939.0            41.0          0.0214     
2016.0   12.0      2017.0         983.0           941.0            42.0          0.0218     
2017.0   1.0     2017.0833        988.0           945.0            43.0          0.0222     
2017.0   2.0     2017.1667        999.0           949.0            50.0          0.0257     
2017.0   3.0      2017.25         1001.0          954.0            47.0          0.024      
2017.0   4.0     2017.3333        1020.0          957.0            63.0          0.0319     
2017.0   5.0     2017.4167        1023.0          962.0            61.0          0.0307     
2017.0   6.0       2017.5         1026.0          966.0            60.0          0.0301     
2017.0   7.0     2017.5833        1034.0          968.0            66.0          0.033      
2017.0   8.0     2017.6667        1039.0          970.0            69.0          0.0343     
2017.0   9.0      2017.75         1039.0          983.0            56.0          0.0277     
2017.0   10.0    2017.8333        1048.0          986.0            62.0          0.0305     
2017.0   11.0    2017.9167        1052.0          989.0            63.0          0.0309     
2017.0   12.0      2018.0         1055.0          992.0            63.0          0.0308     
2018.0   1.0     2018.0833        1055.0          994.0            61.0          0.0298     
2018.0   2.0     2018.1667        1056.0          994.0            62.0          0.0302     
2018.0   3.0      2018.25         1056.0          994.0            62.0          0.0302     
2018.0   4.0     2018.3333        1056.0          995.0            61.0          0.0297     
2018.0   5.0     2018.4167        1056.0          997.0            59.0          0.0287     
2018.0   6.0       2018.5         1057.0          998.0            59.0          0.0287     
2018.0   7.0     2018.5833        1057.0          998.0            59.0          0.0287     
2018.0   8.0     2018.6667        1058.0          998.0            60.0          0.0292     
2018.0   9.0      2018.75         1061.0          998.0            63.0          0.0306     
2018.0   10.0    2018.8333        1063.0          999.0            64.0          0.031      
2018.0   12.0      2019.0         1064.0          999.0            65.0          0.0315     
2019.0   1.0     2019.0833        1066.0          1000.0           66.0          0.0319     
2019.0   2.0     2019.1667        1066.0          1002.0           64.0          0.0309     
2019.0   3.0      2019.25         1069.0          1003.0           66.0          0.0319     
2019.0   4.0     2019.3333        1070.0          1005.0           65.0          0.0313     
2019.0   5.0     2019.4167        1076.0          1012.0           64.0          0.0307     
2019.0   6.0       2019.5         1076.0          1014.0           62.0          0.0297     
2019.0   7.0     2019.5833        1076.0          1016.0           60.0          0.0287     
2019.0   8.0     2019.6667        1077.0          1016.0           61.0          0.0291     
2019.0   10.0    2019.8333        1078.0          1017.0           61.0          0.0291     
2019.0   12.0      2020.0         1079.0          1017.0           62.0          0.0296     
2020.0   1.0     2020.0833        1079.0          1017.0           62.0          0.0296     
2020.0   3.0      2020.25         1079.0          1018.0           61.0          0.0291     
2020.0   4.0     2020.3333        1079.0          1018.0           61.0          0.0291     
2020.0   5.0     2020.4167        1081.0          1019.0           62.0          0.0295     
2020.0   6.0       2020.5         1086.0          1019.0           67.0          0.0318     
2020.0   7.0     2020.5833        1090.0          1021.0           69.0          0.0327     
2020.0   8.0     2020.6667        1091.0          1023.0           68.0          0.0322     
2020.0   9.0      2020.75         1092.0          1023.0           69.0          0.0326     
2020.0   10.0    2020.8333        1095.0          1023.0           72.0          0.034      
2020.0   11.0    2020.9167        1100.0          1032.0           68.0          0.0319     
2020.0   12.0      2021.0         1102.0          1036.0           66.0          0.0309     
