  2008.0    12.0     2009.0                2.0                           2.0              
  2009.0    1.0    2009.0833               3.0                           2.0              
  2009.0    2.0    2009.1667               3.0                           1.0              
  2009.0    3.0     2009.25                1.0                           1.0              
  2009.0    4.0    2009.3333               3.0                           0.0              
  2009.0    5.0    2009.4167               4.0                           3.0              
  2009.0    6.0      2009.5                4.0                           5.0              
  2009.0    7.0    2009.5833               5.0                           2.0              
  2009.0    8.0    2009.6667               3.0                           1.0              
  2009.0    9.0     2009.75                2.0                           4.0              
  2009.0    10.0   2009.8333               2.0                           3.0              
  2009.0    11.0   2009.9167               3.0                           4.0              
  2009.0    12.0     2010.0                3.0                           4.0              
  2010.0    1.0    2010.0833               2.0                           5.0              
  2010.0    2.0    2010.1667               13.0                          8.0              
  2010.0    3.0     2010.25                8.0                           9.0              
  2010.0    4.0    2010.3333               6.0                           9.0              
  2010.0    5.0    2010.4167               5.0                           8.0              
  2010.0    6.0      2010.5                14.0                          7.0              
  2010.0    7.0    2010.5833               7.0                           5.0              
  2010.0    8.0    2010.6667               10.0                          14.0             
  2010.0    9.0     2010.75                6.0                           8.0              
  2010.0    10.0   2010.8333               7.0                           4.0              
  2010.0    11.0   2010.9167               7.0                           17.0             
  2010.0    12.0     2011.0                8.0                           7.0              
  2011.0    1.0    2011.0833               12.0                          7.0              
  2011.0    2.0    2011.1667               5.0                           2.0              
  2011.0    3.0     2011.25                14.0                          12.0             
  2011.0    4.0    2011.3333               7.0                           9.0              
  2011.0    5.0    2011.4167               16.0                          12.0             
  2011.0    6.0      2011.5                10.0                          11.0             
  2011.0    7.0    2011.5833               7.0                           4.0              
  2011.0    8.0    2011.6667               14.0                          5.0              
  2011.0    9.0     2011.75                29.0                          21.0             
  2011.0    10.0   2011.8333               15.0                          8.0              
  2011.0    11.0   2011.9167               29.0                          5.0              
  2011.0    12.0     2012.0                17.0                          21.0             
  2012.0    1.0    2012.0833               12.0                          7.0              
  2012.0    2.0    2012.1667               8.0                           4.0              
  2012.0    3.0     2012.25                11.0                          7.0              
  2012.0    4.0    2012.3333               12.0                          19.0             
  2012.0    5.0    2012.4167               8.0                           17.0             
  2012.0    6.0      2012.5                16.0                          22.0             
  2012.0    7.0    2012.5833               12.0                          21.0             
  2012.0    8.0    2012.6667               25.0                          12.0             
  2012.0    9.0     2012.75                16.0                          2.0              
  2012.0    10.0   2012.8333               10.0                          9.0              
  2012.0    11.0   2012.9167               15.0                          11.0             
  2012.0    12.0     2013.0                8.0                           10.0             
  2013.0    1.0    2013.0833               16.0                          11.0             
  2013.0    2.0    2013.1667               11.0                          8.0              
  2013.0    3.0     2013.25                7.0                           14.0             
  2013.0    4.0    2013.3333               9.0                           18.0             
  2013.0    5.0    2013.4167               13.0                          12.0             
  2013.0    6.0      2013.5                3.0                           18.0             
  2013.0    7.0    2013.5833               5.0                           7.0              
  2013.0    8.0    2013.6667               6.0                           17.0             
  2013.0    9.0     2013.75                7.0                           13.0             
  2013.0    10.0   2013.8333               26.0                          12.0             
  2013.0    11.0   2013.9167               9.0                           18.0             
  2013.0    12.0     2014.0                7.0                           16.0             
  2014.0    1.0    2014.0833               18.0                          31.0             
  2014.0    2.0    2014.1667               9.0                           12.0             
  2014.0    3.0     2014.25                18.0                          10.0             
  2014.0    4.0    2014.3333               12.0                          17.0             
  2014.0    5.0    2014.4167               25.0                          19.0             
  2014.0    6.0      2014.5                16.0                          26.0             
  2014.0    7.0    2014.5833               11.0                          13.0             
  2014.0    8.0    2014.6667               12.0                          7.0              
  2014.0    9.0     2014.75                13.0                          8.0              
  2014.0    10.0   2014.8333               16.0                          3.0              
  2014.0    11.0   2014.9167               27.0                          7.0              
  2014.0    12.0     2015.0                12.0                          6.0              
  2015.0    1.0    2015.0833               7.0                           5.0              
  2015.0    2.0    2015.1667               7.0                           9.0              
  2015.0    3.0     2015.25                17.0                          6.0              
  2015.0    4.0    2015.3333               17.0                          8.0              
  2015.0    5.0    2015.4167               20.0                          12.0             
  2015.0    6.0      2015.5                7.0                           9.0              
  2015.0    7.0    2015.5833               12.0                          10.0             
  2015.0    8.0    2015.6667               6.0                           13.0             
  2015.0    9.0     2015.75                6.0                           23.0             
  2015.0    10.0   2015.8333               14.0                          13.0             
  2015.0    11.0   2015.9167               10.0                          16.0             
  2015.0    12.0     2016.0                7.0                           12.0             
  2016.0    1.0    2016.0833               5.0                           17.0             
  2016.0    2.0    2016.1667               7.0                           11.0             
  2016.0    3.0     2016.25                8.0                           11.0             
  2016.0    4.0    2016.3333               12.0                          7.0              
  2016.0    5.0    2016.4167               10.0                          9.0              
  2016.0    6.0      2016.5                11.0                          5.0              
  2016.0    7.0    2016.5833               8.0                           7.0              
  2016.0    8.0    2016.6667               7.0                           5.0              
  2016.0    9.0     2016.75                6.0                           5.0              
  2016.0    10.0   2016.8333               4.0                           4.0              
  2016.0    11.0   2016.9167               5.0                           8.0              
  2016.0    12.0     2017.0                3.0                           2.0              
  2017.0    1.0    2017.0833               5.0                           4.0              
  2017.0    2.0    2017.1667               11.0                          4.0              
  2017.0    3.0     2017.25                2.0                           5.0              
  2017.0    4.0    2017.3333               19.0                          3.0              
  2017.0    5.0    2017.4167               3.0                           5.0              
  2017.0    6.0      2017.5                3.0                           4.0              
  2017.0    7.0    2017.5833               8.0                           2.0              
  2017.0    8.0    2017.6667               5.0                           2.0              
  2017.0    9.0     2017.75                0.0                           13.0             
  2017.0    10.0   2017.8333               9.0                           3.0              
  2017.0    11.0   2017.9167               4.0                           3.0              
  2017.0    12.0     2018.0                3.0                           3.0              
  2018.0    1.0    2018.0833               0.0                           2.0              
  2018.0    2.0    2018.1667               1.0                           0.0              
  2018.0    3.0     2018.25                0.0                           0.0              
  2018.0    4.0    2018.3333               0.0                           1.0              
  2018.0    5.0    2018.4167               0.0                           2.0              
  2018.0    6.0      2018.5                1.0                           1.0              
  2018.0    7.0    2018.5833               0.0                           0.0              
  2018.0    8.0    2018.6667               1.0                           0.0              
  2018.0    9.0     2018.75                3.0                           0.0              
  2018.0    10.0   2018.8333               2.0                           1.0              
  2018.0    12.0     2019.0                1.0                           0.0              
  2019.0    1.0    2019.0833               2.0                           1.0              
  2019.0    2.0    2019.1667               0.0                           2.0              
  2019.0    3.0     2019.25                3.0                           1.0              
  2019.0    4.0    2019.3333               1.0                           2.0              
  2019.0    5.0    2019.4167               6.0                           7.0              
  2019.0    6.0      2019.5                0.0                           2.0              
  2019.0    7.0    2019.5833               0.0                           2.0              
  2019.0    8.0    2019.6667               1.0                           0.0              
  2019.0    10.0   2019.8333               1.0                           1.0              
  2019.0    12.0     2020.0                1.0                           0.0              
  2020.0    1.0    2020.0833               0.0                           0.0              
  2020.0    3.0     2020.25                0.0                           1.0              
  2020.0    4.0    2020.3333               0.0                           0.0              
  2020.0    5.0    2020.4167               2.0                           1.0              
  2020.0    6.0      2020.5                5.0                           0.0              
  2020.0    7.0    2020.5833               4.0                           2.0              
  2020.0    8.0    2020.6667               1.0                           2.0              
  2020.0    9.0     2020.75                1.0                           0.0              
  2020.0    10.0   2020.8333               3.0                           0.0              
  2020.0    11.0   2020.9167               5.0                           9.0              
  2020.0    12.0     2021.0                2.0                           4.0              
