  2008.0    12.0     2009.0     15.0    10.0               15.0                          10.0             
  2009.0    1.0    2009.0833    11.0    10.0               26.0                          20.0             
  2009.0    2.0    2009.1667    7.0     5.0                33.0                          25.0             
  2009.0    3.0     2009.25     10.0    1.0                43.0                          26.0             
  2009.0    4.0    2009.3333    12.0    9.0                55.0                          35.0             
  2009.0    5.0    2009.4167    7.0     2.0                62.0                          37.0             
  2009.0    6.0      2009.5     10.0    10.0               72.0                          47.0             
  2009.0    7.0    2009.5833    7.0     5.0                79.0                          52.0             
  2009.0    8.0    2009.6667    9.0     3.0                88.0                          55.0             
  2009.0    9.0     2009.75     21.0    8.0               109.0                          63.0             
  2009.0    10.0   2009.8333    9.0     8.0               118.0                          71.0             
  2009.0    11.0   2009.9167    6.0     2.0               124.0                          73.0             
  2009.0    12.0     2010.0     10.0    11.0              134.0                          84.0             
  2010.0    1.0    2010.0833    9.0     4.0               143.0                          88.0             
  2010.0    2.0    2010.1667    2.0     0.0               145.0                          88.0             
  2010.0    3.0     2010.25     5.0     3.0               150.0                          91.0             
  2010.0    4.0    2010.3333    3.0     0.0               153.0                          91.0             
  2010.0    5.0    2010.4167    9.0     4.0               162.0                          95.0             
  2010.0    6.0      2010.5     3.0     2.0               165.0                          97.0             
  2010.0    7.0    2010.5833    6.0     3.0               171.0                         100.0             
  2010.0    8.0    2010.6667    8.0     4.0               179.0                         104.0             
  2010.0    9.0     2010.75     6.0     3.0               185.0                         107.0             
  2010.0    10.0   2010.8333    6.0     2.0               191.0                         109.0             
  2010.0    11.0   2010.9167    11.0    9.0               202.0                         118.0             
  2010.0    12.0     2011.0     5.0     5.0               207.0                         123.0             
  2011.0    1.0    2011.0833    9.0     4.0               216.0                         127.0             
  2011.0    2.0    2011.1667    11.0    2.0               227.0                         129.0             
  2011.0    3.0     2011.25     12.0    12.0              239.0                         141.0             
  2011.0    4.0    2011.3333    21.0    11.0              260.0                         152.0             
  2011.0    5.0    2011.4167    17.0    7.0               277.0                         159.0             
  2011.0    6.0      2011.5     14.0    6.0               291.0                         165.0             
  2011.0    7.0    2011.5833    8.0     5.0               299.0                         170.0             
  2011.0    8.0    2011.6667    22.0    7.0               321.0                         177.0             
  2011.0    9.0     2011.75     7.0     3.0               328.0                         180.0             
  2011.0    10.0   2011.8333    30.0    5.0               358.0                         185.0             
  2011.0    11.0   2011.9167    12.0    2.0               370.0                         187.0             
  2011.0    12.0     2012.0     12.0    5.0               382.0                         192.0             
  2012.0    1.0    2012.0833    13.0    3.0               395.0                         195.0             
  2012.0    2.0    2012.1667    14.0    2.0               409.0                         197.0             
  2012.0    3.0     2012.25     15.0    5.0               424.0                         202.0             
  2012.0    4.0    2012.3333    13.0    8.0               437.0                         210.0             
  2012.0    5.0    2012.4167    12.0    9.0               449.0                         219.0             
  2012.0    6.0      2012.5     16.0    9.0               465.0                         228.0             
  2012.0    7.0    2012.5833    21.0    10.0              486.0                         238.0             
  2012.0    8.0    2012.6667    14.0    7.0               500.0                         245.0             
  2012.0    9.0     2012.75     21.0    13.0              521.0                         258.0             
  2012.0    10.0   2012.8333    19.0    9.0               540.0                         267.0             
  2012.0    11.0   2012.9167    13.0    13.0              553.0                         280.0             
  2012.0    12.0     2013.0     29.0    18.0              582.0                         298.0             
  2013.0    1.0    2013.0833    15.0    13.0              597.0                         311.0             
  2013.0    2.0    2013.1667    19.0    16.0              616.0                         327.0             
  2013.0    3.0     2013.25     26.0    13.0              642.0                         340.0             
  2013.0    4.0    2013.3333    23.0    13.0              665.0                         353.0             
  2013.0    5.0    2013.4167    28.0    15.0              693.0                         368.0             
  2013.0    6.0      2013.5     19.0    24.0              712.0                         392.0             
  2013.0    7.0    2013.5833    16.0    11.0              728.0                         403.0             
  2013.0    8.0    2013.6667    14.0    12.0              742.0                         415.0             
  2013.0    9.0     2013.75     11.0    11.0              753.0                         426.0             
  2013.0    10.0   2013.8333    9.0     21.0              762.0                         447.0             
  2013.0    11.0   2013.9167    20.0    17.0              782.0                         464.0             
  2013.0    12.0     2014.0     15.0    16.0              797.0                         480.0             
  2014.0    1.0    2014.0833    3.0     11.0              800.0                         491.0             
  2014.0    2.0    2014.1667    9.0     21.0              809.0                         512.0             
  2014.0    3.0     2014.25     9.0     12.0              818.0                         524.0             
  2014.0    4.0    2014.3333    12.0    22.0              830.0                         546.0             
  2014.0    5.0    2014.4167    15.0    13.0              845.0                         559.0             
  2014.0    6.0      2014.5     13.0    21.0              858.0                         580.0             
  2014.0    7.0    2014.5833    11.0    25.0              869.0                         605.0             
  2014.0    8.0    2014.6667    8.0     13.0              877.0                         618.0             
  2014.0    9.0     2014.75     15.0    9.0               892.0                         627.0             
  2014.0    10.0   2014.8333    17.0    29.0              909.0                         656.0             
  2014.0    11.0   2014.9167    25.0    7.0               934.0                         663.0             
  2014.0    12.0     2015.0     32.0    10.0              966.0                         673.0             
  2015.0    1.0    2015.0833    17.0    6.0               983.0                         679.0             
  2015.0    2.0    2015.1667    9.0     13.0              992.0                         692.0             
  2015.0    3.0     2015.25     14.0    7.0               1006.0                        699.0             
  2015.0    4.0    2015.3333    19.0    7.0               1025.0                        706.0             
  2015.0    5.0    2015.4167    18.0    6.0               1043.0                        712.0             
  2015.0    6.0      2015.5     12.0    4.0               1055.0                        716.0             
  2015.0    7.0    2015.5833    23.0    5.0               1078.0                        721.0             
  2015.0    8.0    2015.6667    19.0    5.0               1097.0                        726.0             
  2015.0    9.0     2015.75     10.0    5.0               1107.0                        731.0             
  2015.0    10.0   2015.8333    13.0    3.0               1120.0                        734.0             
  2015.0    11.0   2015.9167    17.0    1.0               1137.0                        735.0             
  2015.0    12.0     2016.0     11.0    9.0               1148.0                        744.0             
  2016.0    1.0    2016.0833    18.0    5.0               1166.0                        749.0             
  2016.0    2.0    2016.1667    10.0    8.0               1176.0                        757.0             
  2016.0    3.0     2016.25     11.0    2.0               1187.0                        759.0             
  2016.0    4.0    2016.3333    16.0    1.0               1203.0                        760.0             
  2016.0    5.0    2016.4167    8.0     1.0               1211.0                        761.0             
  2016.0    6.0      2016.5     11.0    5.0               1222.0                        766.0             
  2016.0    7.0    2016.5833    12.0    3.0               1234.0                        769.0             
  2016.0    8.0    2016.6667    5.0     0.0               1239.0                        769.0             
  2016.0    9.0     2016.75     0.0     1.0               1239.0                        770.0             
  2016.0    10.0   2016.8333    5.0     7.0               1244.0                        777.0             
  2016.0    11.0   2016.9167    3.0     0.0               1247.0                        777.0             
  2016.0    12.0     2017.0     9.0     2.0               1256.0                        779.0             
  2017.0    1.0    2017.0833    6.0     0.0               1262.0                        779.0             
  2017.0    2.0    2017.1667    1.0     1.0               1263.0                        780.0             
  2017.0    3.0     2017.25     7.0     3.0               1270.0                        783.0             
  2017.0    4.0    2017.3333    5.0     2.0               1275.0                        785.0             
  2017.0    5.0    2017.4167    2.0     3.0               1277.0                        788.0             
  2017.0    6.0      2017.5     2.0     0.0               1279.0                        788.0             
  2017.0    7.0    2017.5833    3.0     1.0               1282.0                        789.0             
  2017.0    8.0    2017.6667    6.0     4.0               1288.0                        793.0             
  2017.0    9.0     2017.75     5.0     1.0               1293.0                        794.0             
  2017.0    10.0   2017.8333    5.0     0.0               1298.0                        794.0             
  2017.0    11.0   2017.9167    4.0     3.0               1302.0                        797.0             
  2017.0    12.0     2018.0     3.0     0.0               1305.0                        797.0             
  2018.0    1.0    2018.0833    2.0     3.0               1307.0                        800.0             
  2018.0    2.0    2018.1667    3.0     3.0               1310.0                        803.0             
  2018.0    3.0     2018.25     3.0     0.0               1313.0                        803.0             
  2018.0    4.0    2018.3333    3.0     5.0               1316.0                        808.0             
  2018.0    5.0    2018.4167    3.0     1.0               1319.0                        809.0             
  2018.0    6.0      2018.5     0.0     0.0               1319.0                        809.0             
  2018.0    7.0    2018.5833    4.0     1.0               1323.0                        810.0             
  2018.0    8.0    2018.6667    3.0     2.0               1326.0                        812.0             
  2018.0    9.0     2018.75     1.0     3.0               1327.0                        815.0             
  2018.0    10.0   2018.8333    3.0     0.0               1330.0                        815.0             
  2018.0    11.0   2018.9167    1.0     2.0               1331.0                        817.0             
  2018.0    12.0     2019.0     4.0     1.0               1335.0                        818.0             
  2019.0    1.0    2019.0833    6.0     4.0               1341.0                        822.0             
  2019.0    2.0    2019.1667    2.0     2.0               1343.0                        824.0             
  2019.0    3.0     2019.25     6.0     4.0               1349.0                        828.0             
  2019.0    4.0    2019.3333    2.0     3.0               1351.0                        831.0             
  2019.0    5.0    2019.4167    2.0     3.0               1353.0                        834.0             
  2019.0    6.0      2019.5     2.0     0.0               1355.0                        834.0             
  2019.0    7.0    2019.5833    6.0     1.0               1361.0                        835.0             
  2019.0    8.0    2019.6667    0.0     0.0               1361.0                        835.0             
  2019.0    9.0     2019.75     2.0     2.0               1363.0                        837.0             
  2019.0    10.0   2019.8333    0.0     5.0               1363.0                        842.0             
  2019.0    11.0   2019.9167    5.0     1.0               1368.0                        843.0             
  2019.0    12.0     2020.0     4.0     4.0               1372.0                        847.0             
  2020.0    1.0    2020.0833    1.0     2.0               1373.0                        849.0             
  2020.0    2.0    2020.1667    4.0     5.0               1377.0                        854.0             
  2020.0    3.0     2020.25     1.0     6.0               1378.0                        860.0             
  2020.0    4.0    2020.3333    1.0     5.0               1379.0                        865.0             
  2020.0    5.0    2020.4167    5.0     1.0               1384.0                        866.0             
  2020.0    6.0      2020.5     0.0     5.0               1384.0                        871.0             
  2020.0    7.0    2020.5833    2.0     7.0               1386.0                        878.0             
  2020.0    8.0    2020.6667    0.0     2.0               1386.0                        880.0             
  2020.0    9.0     2020.75     2.0     3.0               1388.0                        883.0             
  2020.0    10.0   2020.8333    6.0     3.0               1394.0                        886.0             
  2020.0    11.0   2020.9167    13.0    4.0               1407.0                        890.0             
  2020.0    12.0     2021.0     2.0     2.0               1409.0                        892.0             
