 1996  01 1996.0833   3     0     0     0   
 1996  03  1996.25    6     1     3     4   
 1996  04 1996.3333   7     0     2     2   
 1996  05 1996.4167   6     0     0     0   
 1996  06   1996.5    4     0     0     0   
 1996  07 1996.5833   16    1     3     4   
 1996  08 1996.6667   11    2     5     7   
 1996  09  1996.75    9     4     1     5   
 1996  10 1996.8333   12    4     3     7   
 1996  11 1996.9167   14    1     4     5   
 1996  12   1997.0    21    5     4     9   
 1997  01 1997.0833   9     1     4     5   
 1997  02 1997.1667   10    1     4     5   
 1997  03  1997.25    7     1     4     5   
 1997  04 1997.3333   14    3     4     7   
 1997  05 1997.4167   25    3     1     4   
 1997  06   1997.5    25    5     2     7   
 1997  07 1997.5833   19    6     2     8   
 1997  08 1997.6667   16    3     2     5   
 1997  09  1997.75    30    9     6     15  
 1997  10 1997.8333   29    7     4     11  
 1997  11 1997.9167   30    10    7     17  
 1997  12   1998.0    18    1     2     3   
 1998  01 1998.0833   36    10    6     16  
 1998  02 1998.1667   54    23    13    36  
 1998  03  1998.25    56    12    13    25  
 1998  04 1998.3333   61    19    16    35  
 1998  05 1998.4167   76    19    21    40  
 1998  06   1998.5    81    23    28    51  
 1998  10 1998.8333   29    11    7     18  
 1998  11 1998.9167   71    21    17    38  
 1998  12   1999.0    45    12    8     20  
 1999  02 1999.1667   38    7     11    18  
 1999  03  1999.25    77    17    20    37  
 1999  04 1999.3333   73    19    19    38  
 1999  05 1999.4167   67    24    12    36  
 1999  06   1999.5    77    25    19    44  
 1999  07 1999.5833   85    23    12    35  
 1999  08 1999.6667   73    23    15    38  
 1999  09  1999.75    66    19    12    31  
 1999  10 1999.8333   49    16    10    26  
 1999  11 1999.9167   43    7     10    17  
 1999  12   2000.0    38    10    11    21  
 2000  01 2000.0833   76    13    14    27  
 2000  02 2000.1667  115    25    29    54  
 2000  03  2000.25   135    20    44    64  
 2000  04 2000.3333  114    28    27    55  
 2000  05 2000.4167  131    31    32    63  
 2000  06   2000.5   139    43    17    60  
 2000  07 2000.5833  123    33    26    59  
 2000  08 2000.6667   87    21    18    39  
 2000  09  2000.75    81    21    13    34  
 2000  10 2000.8333   69    17    16    33  
 2000  11 2000.9167   75    16    22    38  
 2000  12   2001.0    68    20    14    34  
 2001  01 2001.0833   65    20    17    37  
 2001  02 2001.1667   51    16    12    28  
 2001  03  2001.25   120    21    35    56  
 2001  04 2001.3333  101    22    18    40  
 2001  05 2001.4167   99    16    21    37  
 2001  06   2001.5    84    29    21    50  
 2001  07 2001.5833   68    12    24    36  
 2001  08 2001.6667  116    27    33    60  
 2001  09  2001.75   110    21    31    52  
 2001  10 2001.8333  115    32    29    61  
 2001  11 2001.9167   75    23    17    40  
 2001  12   2002.0   122    34    22    56  
 2002  01 2002.0833   82    21    16    37  
 2002  02 2002.1667   63    11    17    28  
 2002  03  2002.25   110    14    37    51  
 2002  04 2002.3333  137    15    33    48  
 2002  05 2002.4167  116    26    31    57  
 2002  06   2002.5    52    17    11    28  
 2002  07 2002.5833  121    23    24    47  
 2002  08 2002.6667  140    23    45    68  
 2002  09  2002.75   114    29    22    51  
 2002  10 2002.8333  119    30    28    58  
 2002  11 2002.9167  107    22    28    50  
 2002  12   2003.0    53    13    16    29  
 2003  01 2003.0833   74    20    18    38  
 2003  02 2003.1667   44    12    9     21  
 2003  03  2003.25    62    17    11    28  
 2003  04 2003.3333   89    31    18    49  
 2003  05 2003.4167   64    15    7     22  
 2003  06   2003.5    36    15    6     21  
 2003  07 2003.5833   40    13    5     18  
 2003  08 2003.6667   61    18    17    35  
 2003  09  2003.75    51    8     11    19  
 2003  10 2003.8333   87    28    24    52  
 2003  11 2003.9167   47    12    22    34  
 2003  12   2004.0    37    5     9     14  
 2004  01 2004.0833   61    14    18    32  
 2004  02 2004.1667   33    3     9     12  
 2004  03  2004.25    42    8     19    27  
 2004  04 2004.3333   46    8     12    20  
 2004  05 2004.4167   61    4     25    29  
 2004  06   2004.5    47    19    10    29  
 2004  07 2004.5833   76    16    20    36  
 2004  08 2004.6667   45    13    8     21  
 2004  09  2004.75    30    4     13    17  
 2004  10 2004.8333   75    23    19    42  
 2004  11 2004.9167   59    9     14    23  
 2004  12   2005.0    52    11    17    28  
 2005  01 2005.0833   74    15    20    35  
 2005  02 2005.1667   34    4     12    16  
 2005  03  2005.25    37    8     13    21  
 2005  04 2005.3333   58    6     23    29  
 2005  05 2005.4167   70    20    28    48  
 2005  06   2005.5    48    15    12    27  
 2005  07 2005.5833   93    38    21    59  
 2005  08 2005.6667   78    21    19    40  
 2005  09  2005.75    52    14    13    27  
 2005  10 2005.8333   43    9     10    19  
 2005  11 2005.9167   35    7     11    18  
 2005  12   2006.0    67    16    14    30  
 2006  01 2006.0833   26    7     6     13  
 2006  02 2006.1667   10    0     5     5   
 2006  03  2006.25    17    5     5     10  
 2006  04 2006.3333   25    4     10    14  
 2006  05 2006.4167   29    3     15    18  
 2006  06   2006.5    17    1     9     10  
 2006  07 2006.5833   17    2     4     6   
 2006  08 2006.6667   7     1     3     4   
 2006  09  2006.75    9     0     4     4   
 2006  10 2006.8333   32    3     14    17  
 2006  11 2006.9167   60    12    22    34  
 2006  12   2007.0    28    7     11    18  
 2007  01 2007.0833   29    14    9     23  
 2007  02 2007.1667   23    3     6     9   
 2007  03  2007.25    23    8     5     13  
 2007  04 2007.3333   15    3     3     6   
 2007  05 2007.4167   27    9     4     13  
 2007  06   2007.5    25    9     6     15  
 2007  07 2007.5833   16    6     5     11  
 2007  08 2007.6667   17    4     11    15  
 2007  09  2007.75    6     2     3     5   
 2007  10 2007.8333   5     2     0     2   
 2007  11 2007.9167   3     1     1     2   
 2007  12   2008.0    9     1     2     3   
 2008  01 2008.0833   11    2     1     3   
 2008  02 2008.1667   6     3     2     5   
 2008  03  2008.25    8     2     2     4   
 2008  04 2008.3333   13    4     6     10  
 2008  05 2008.4167   5     0     4     4   
 2008  06   2008.5    10    2     3     5   
 2008  07 2008.5833   7     3     3     6   
 2008  08 2008.6667   6     1     2     3   
 2008  09  2008.75    3     0     1     1   
 2008  10 2008.8333   9     2     4     6   
 2008  11 2008.9167   9     6     0     6   
 2008  12   2009.0    7     2     2     4   
 2009  01 2009.0833   11    3     2     5   
 2009  02 2009.1667   6     3     1     4   
 2009  03  2009.25    5     1     1     2   
 2009  04 2009.3333   7     3     0     3   
 2009  05 2009.4167   9     4     3     7   
 2009  06   2009.5    15    4     5     9   
 2009  07 2009.5833   8     5     2     7   
 2009  08 2009.6667   6     3     1     4   
 2009  09  2009.75    12    2     4     6   
 2009  10 2009.8333   9     2     3     5   
 2009  11 2009.9167   14    3     4     7   
 2009  12   2010.0    20    3     4     7   
 2010  01 2010.0833   13    2     5     7   
 2010  02 2010.1667   32    13    8     21  
 2010  03  2010.25    34    8     9     17  
 2010  04 2010.3333   21    6     9     15  
 2010  05 2010.4167   22    5     8     13  
 2010  06   2010.5    28    14    7     21  
 2010  07 2010.5833   22    7     5     12  
 2010  08 2010.6667   25    10    14    24  
 2010  09  2010.75    24    6     8     14  
 2010  10 2010.8333   26    7     4     11  
 2010  11 2010.9167   40    7     17    24  
 2010  12   2011.0    30    8     7     15  
 2011  01 2011.0833   27    12    7     19  
 2011  02 2011.1667   14    5     2     7   
 2011  03  2011.25    48    14    12    26  
 2011  04 2011.3333   38    7     9     16  
 2011  05 2011.4167   43    16    12    28  
 2011  06   2011.5    39    10    11    21  
 2011  07 2011.5833   28    7     4     11  
 2011  08 2011.6667   36    14    5     19  
 2011  09  2011.75    85    29    21    50  
 2011  10 2011.8333   50    15    8     23  
 2011  11 2011.9167   66    29    5     34  
 2011  12   2012.0    62    17    21    38  
 2012  01 2012.0833   52    12    7     19  
 2012  02 2012.1667   35    8     4     12  
 2012  03  2012.25    46    11    7     18  
 2012  04 2012.3333   50    12    19    31  
 2012  05 2012.4167   47    8     17    25  
 2012  06   2012.5    75    16    22    38  
 2012  07 2012.5833   97    12    21    33  
 2012  08 2012.6667   87    25    12    37  
 2012  09  2012.75    46    16    2     18  
 2012  10 2012.8333   36    10    9     19  
 2012  11 2012.9167   55    15    11    26  
 2012  12   2013.0    38    8     10    18  
 2013  01 2013.0833   50    16    11    27  
 2013  02 2013.1667   46    11    8     19  
 2013  03  2013.25    35    7     14    21  
 2013  04 2013.3333   51    9     18    27  
 2013  05 2013.4167   74    13    12    25  
 2013  06   2013.5    47    3     18    21  
 2013  07 2013.5833   34    5     7     12  
 2013  08 2013.6667   58    6     17    23  
 2013  09  2013.75    47    7     13    20  
 2013  10 2013.8333   93    26    12    38  
 2013  11 2013.9167   67    9     18    27  
 2013  12   2014.0    70    7     16    23  
 2014  01 2014.0833  105    18    31    49  
 2014  02 2014.1667   51    9     12    21  
 2014  03  2014.25    73    18    10    28  
 2014  04 2014.3333   65    12    17    29  
 2014  05 2014.4167   82    25    19    44  
 2014  06   2014.5    72    16    26    42  
 2014  07 2014.5833   49    11    13    24  
 2014  08 2014.6667   35    12    7     19  
 2014  09  2014.75    43    13    8     21  
 2014  10 2014.8333   45    16    3     19  
 2014  11 2014.9167   83    27    7     34  
 2014  12   2015.0    43    12    6     18  
 2015  01 2015.0833   36    7     5     12  
 2015  02 2015.1667   38    7     9     16  
 2015  03  2015.25    52    17    6     23  
 2015  04 2015.3333   52    17    8     25  
 2015  05 2015.4167   62    20    12    32  
 2015  06   2015.5    35    7     9     16  
 2015  07 2015.5833   34    12    10    22  
 2015  08 2015.6667   37    6     13    19  
 2015  09  2015.75    46    6     23    29  
 2015  10 2015.8333   41    14    13    27  
 2015  11 2015.9167   46    10    16    26  
 2015  12   2016.0    29    7     12    19  
 2016  01 2016.0833   52    5     17    22  
 2016  02 2016.1667   29    7     11    18  
 2016  03  2016.25    35    8     11    19  
 2016  04 2016.3333   34    12    7     19  
 2016  05 2016.4167   27    10    9     19  
 2016  06   2016.5    34    11    5     16  
 2016  07 2016.5833   25    8     7     15  
 2016  08 2016.6667   19    7     5     12  
 2016  09  2016.75    19    6     5     11  
 2016  10 2016.8333   14    4     4     8   
 2016  11 2016.9167   22    5     8     13  
 2016  12   2017.0    15    3     2     5   
 2017  01 2017.0833   13    5     4     9   
 2017  02 2017.1667   20    11    4     15  
 2017  03  2017.25    12    2     5     7   
 2017  04 2017.3333   30    19    3     22  
 2017  05 2017.4167   13    3     5     8   
 2017  06   2017.5    22    3     4     7   
 2017  07 2017.5833   21    8     2     10  
 2017  08 2017.6667   14    5     2     7   
 2017  09  2017.75    22    0     13    13  
 2017  10 2017.8333   24    9     3     12  
 2017  11 2017.9167   11    4     3     7   
 2017  12   2018.0    9     3     3     6   
 2018  01 2018.0833   4     0     2     2   
 2018  02 2018.1667   2     1     0     1   
 2018  03  2018.25    4     0     0     0   
 2018  04 2018.3333   3     0     1     1   
 2018  05 2018.4167   5     0     2     2   
 2018  06   2018.5    4     1     1     2   
 2018  07 2018.5833   1     0     0     0   
 2018  08 2018.6667   2     1     0     1   
 2018  09  2018.75    5     3     0     3   
 2018  10 2018.8333   4     2     1     3   
 2018  12   2019.0    4     1     0     1   
 2019  01 2019.0833   5     2     1     3   
 2019  02 2019.1667   3     0     2     2   
 2019  03  2019.25    7     3     1     4   
 2019  04 2019.3333   13    1     2     3   
 2019  05 2019.4167   21    6     7     13  
 2019  06   2019.5    3     0     2     2   
 2019  07 2019.5833   5     0     2     2   
 2019  08 2019.6667   2     1     0     1   
 2019  10 2019.8333   2     1     1     2   
 2019  12   2020.0    1     1     0     1   
 2020  01 2020.0833   1     0     0     0   
 2020  03  2020.25    1     0     1     1   
 2020  04 2020.3333   1     0     0     0   
 2020  05 2020.4167   3     2     1     3   
 2020  06   2020.5    8     5     0     5   
 2020  07 2020.5833   14    4     2     6   
 2020  08 2020.6667   8     1     2     3   
 2020  09  2020.75    8     1     0     1   
 2020  10 2020.8333   10    3     0     3   
 2020  11 2020.9167   26    5     9     14  
 2020  12   2021.0    7     2     4     6   
