  1996.0    1.0    1996.0833    0.0     1.0                0.0                           1.0              
  1996.0    2.0    1996.1667    0.0     0.0                0.0                           1.0              
  1996.0    3.0     1996.25     3.0     1.0                3.0                           2.0              
  1996.0    4.0    1996.3333    1.0     2.0                4.0                           4.0              
  1996.0    5.0    1996.4167    1.0     1.0                5.0                           5.0              
  1996.0    6.0      1996.5     0.0     1.0                5.0                           6.0              
  1996.0    7.0    1996.5833    0.0     3.0                5.0                           9.0              
  1996.0    8.0    1996.6667    1.0     2.0                6.0                           11.0             
  1996.0    9.0     1996.75     3.0     4.0                9.0                           15.0             
  1996.0    10.0   1996.8333    1.0     2.0                10.0                          17.0             
  1996.0    11.0   1996.9167    1.0     2.0                11.0                          19.0             
  1996.0    12.0     1997.0     0.0     5.0                11.0                          24.0             
  1997.0    1.0    1997.0833    3.0     0.0                14.0                          24.0             
  1997.0    2.0    1997.1667    2.0     2.0                16.0                          26.0             
  1997.0    3.0     1997.25     1.0     1.0                17.0                          27.0             
  1997.0    4.0    1997.3333    6.0     1.0                23.0                          28.0             
  1997.0    5.0    1997.4167    2.0     2.0                25.0                          30.0             
  1997.0    6.0      1997.5     3.0     1.0                28.0                          31.0             
  1997.0    7.0    1997.5833    5.0     1.0                33.0                          32.0             
  1997.0    8.0    1997.6667    1.0     1.0                34.0                          33.0             
  1997.0    9.0     1997.75     3.0     4.0                37.0                          37.0             
  1997.0    10.0   1997.8333    3.0     2.0                40.0                          39.0             
  1997.0    11.0   1997.9167    3.0     4.0                43.0                          43.0             
  1997.0    12.0     1998.0     7.0     2.0                50.0                          45.0             
  1998.0    1.0    1998.0833    6.0     3.0                56.0                          48.0             
  1998.0    2.0    1998.1667    9.0     7.0                65.0                          55.0             
  1998.0    3.0     1998.25     7.0     5.0                72.0                          60.0             
  1998.0    4.0    1998.3333    5.0     6.0                77.0                          66.0             
  1998.0    5.0    1998.4167    13.0    4.0                90.0                          70.0             
  1998.0    6.0      1998.5     5.0     10.0               95.0                          80.0             
  1998.0    10.0   1998.8333    2.0     0.0                97.0                          80.0             
  1998.0    11.0   1998.9167    3.0     0.0               100.0                          80.0             
  1998.0    12.0     1999.0     3.0     3.0               103.0                          83.0             
  1999.0    2.0    1999.1667    1.0     1.0               104.0                          84.0             
  1999.0    3.0     1999.25     2.0     4.0               106.0                          88.0             
  1999.0    4.0    1999.3333    1.0     3.0               107.0                          91.0             
  1999.0    5.0    1999.4167    8.0     1.0               115.0                          92.0             
  1999.0    6.0      1999.5     3.0     7.0               118.0                          99.0             
  1999.0    7.0    1999.5833    14.0    10.0              132.0                         109.0             
  1999.0    8.0    1999.6667    10.0    4.0               142.0                         113.0             
  1999.0    9.0     1999.75     15.0    6.0               157.0                         119.0             
  1999.0    10.0   1999.8333    7.0     5.0               164.0                         124.0             
  1999.0    11.0   1999.9167    3.0     12.0              167.0                         136.0             
  1999.0    12.0     2000.0     9.0     3.0               176.0                         139.0             
  2000.0    1.0    2000.0833    4.0     6.0               180.0                         145.0             
  2000.0    2.0    2000.1667    4.0     6.0               184.0                         151.0             
  2000.0    3.0     2000.25     4.0     4.0               188.0                         155.0             
  2000.0    4.0    2000.3333    6.0     4.0               194.0                         159.0             
  2000.0    5.0    2000.4167    1.0     4.0               195.0                         163.0             
  2000.0    6.0      2000.5     8.0     6.0               203.0                         169.0             
  2000.0    7.0    2000.5833    6.0     5.0               209.0                         174.0             
  2000.0    8.0    2000.6667    14.0    13.0              223.0                         187.0             
  2000.0    9.0     2000.75     15.0    10.0              238.0                         197.0             
  2000.0    10.0   2000.8333    15.0    9.0               253.0                         206.0             
  2000.0    11.0   2000.9167    15.0    16.0              268.0                         222.0             
  2000.0    12.0     2001.0     18.0    4.0               286.0                         226.0             
  2001.0    1.0    2001.0833    10.0    6.0               296.0                         232.0             
  2001.0    2.0    2001.1667    7.0     2.0               303.0                         234.0             
  2001.0    3.0     2001.25     8.0     8.0               311.0                         242.0             
  2001.0    4.0    2001.3333    0.0     8.0               311.0                         250.0             
  2001.0    5.0    2001.4167    6.0     6.0               317.0                         256.0             
  2001.0    6.0      2001.5     10.0    6.0               327.0                         262.0             
  2001.0    7.0    2001.5833    3.0     7.0               330.0                         269.0             
  2001.0    8.0    2001.6667    1.0     3.0               331.0                         272.0             
  2001.0    9.0     2001.75     18.0    17.0              349.0                         289.0             
  2001.0    10.0   2001.8333    14.0    7.0               363.0                         296.0             
  2001.0    11.0   2001.9167    3.0     1.0               366.0                         297.0             
  2001.0    12.0     2002.0     3.0     2.0               369.0                         299.0             
  2002.0    1.0    2002.0833    5.0     7.0               374.0                         306.0             
  2002.0    2.0    2002.1667    5.0     5.0               379.0                         311.0             
  2002.0    3.0     2002.25     4.0     15.0              383.0                         326.0             
  2002.0    4.0    2002.3333    6.0     11.0              389.0                         337.0             
  2002.0    5.0    2002.4167    11.0    6.0               400.0                         343.0             
  2002.0    6.0      2002.5     16.0    7.0               416.0                         350.0             
  2002.0    7.0    2002.5833    7.0     7.0               423.0                         357.0             
  2002.0    8.0    2002.6667    7.0     8.0               430.0                         365.0             
  2002.0    9.0     2002.75     12.0    11.0              442.0                         376.0             
  2002.0    10.0   2002.8333    9.0     10.0              451.0                         386.0             
  2002.0    11.0   2002.9167    5.0     9.0               456.0                         395.0             
  2002.0    12.0     2003.0     8.0     7.0               464.0                         402.0             
  2003.0    1.0    2003.0833    9.0     8.0               473.0                         410.0             
  2003.0    2.0    2003.1667    11.0    13.0              484.0                         423.0             
  2003.0    3.0     2003.25     17.0    8.0               501.0                         431.0             
  2003.0    4.0    2003.3333    21.0    11.0              522.0                         442.0             
  2003.0    5.0    2003.4167    14.0    10.0              536.0                         452.0             
  2003.0    6.0      2003.5     11.0    8.0               547.0                         460.0             
  2003.0    7.0    2003.5833    7.0     4.0               554.0                         464.0             
  2003.0    8.0    2003.6667    8.0     7.0               562.0                         471.0             
  2003.0    9.0     2003.75     12.0    5.0               574.0                         476.0             
  2003.0    10.0   2003.8333    4.0     6.0               578.0                         482.0             
  2003.0    11.0   2003.9167    5.0     4.0               583.0                         486.0             
  2003.0    12.0     2004.0     5.0     6.0               588.0                         492.0             
  2004.0    1.0    2004.0833    6.0     4.0               594.0                         496.0             
  2004.0    2.0    2004.1667    16.0    15.0              610.0                         511.0             
  2004.0    3.0     2004.25     7.0     21.0              617.0                         532.0             
  2004.0    4.0    2004.3333    6.0     15.0              623.0                         547.0             
  2004.0    5.0    2004.4167    11.0    25.0              634.0                         572.0             
  2004.0    6.0      2004.5     12.0    18.0              646.0                         590.0             
  2004.0    7.0    2004.5833    5.0     8.0               651.0                         598.0             
  2004.0    8.0    2004.6667    2.0     5.0               653.0                         603.0             
  2004.0    9.0     2004.75     4.0     5.0               657.0                         608.0             
  2004.0    10.0   2004.8333    8.0     9.0               665.0                         617.0             
  2004.0    11.0   2004.9167    1.0     10.0              666.0                         627.0             
  2004.0    12.0     2005.0     1.0     5.0               667.0                         632.0             
  2005.0    1.0    2005.0833    6.0     10.0              673.0                         642.0             
  2005.0    2.0    2005.1667    11.0    21.0              684.0                         663.0             
  2005.0    3.0     2005.25     11.0    15.0              695.0                         678.0             
  2005.0    4.0    2005.3333    8.0     9.0               703.0                         687.0             
  2005.0    5.0    2005.4167    10.0    23.0              713.0                         710.0             
  2005.0    6.0      2005.5     18.0    12.0              731.0                         722.0             
  2005.0    7.0    2005.5833    9.0     12.0              740.0                         734.0             
  2005.0    8.0    2005.6667    7.0     13.0              747.0                         747.0             
  2005.0    9.0     2005.75     5.0     6.0               752.0                         753.0             
  2005.0    10.0   2005.8333    6.0     6.0               758.0                         759.0             
  2005.0    11.0   2005.9167    8.0     5.0               766.0                         764.0             
  2005.0    12.0     2006.0     8.0     6.0               774.0                         770.0             
  2006.0    1.0    2006.0833    17.0    36.0              791.0                         806.0             
  2006.0    2.0    2006.1667    16.0    20.0              807.0                         826.0             
  2006.0    3.0     2006.25     5.0     18.0              812.0                         844.0             
  2006.0    4.0    2006.3333    16.0    18.0              828.0                         862.0             
  2006.0    5.0    2006.4167    18.0    31.0              846.0                         893.0             
  2006.0    6.0      2006.5     19.0    30.0              865.0                         923.0             
  2006.0    7.0    2006.5833    23.0    41.0              888.0                         964.0             
  2006.0    8.0    2006.6667    17.0    50.0              905.0                         1014.0            
  2006.0    9.0     2006.75     21.0    36.0              926.0                         1050.0            
  2006.0    10.0   2006.8333    4.0     15.0              930.0                         1065.0            
  2006.0    11.0   2006.9167    4.0     11.0              934.0                         1076.0            
  2006.0    12.0     2007.0     3.0     9.0               937.0                         1085.0            
  2007.0    1.0    2007.0833    16.0    27.0              953.0                         1112.0            
  2007.0    2.0    2007.1667    18.0    23.0              971.0                         1135.0            
  2007.0    3.0     2007.25     33.0    33.0              1004.0                        1168.0            
  2007.0    4.0    2007.3333    53.0    49.0              1057.0                        1217.0            
  2007.0    5.0    2007.4167    35.0    41.0              1092.0                        1258.0            
  2007.0    6.0      2007.5     43.0    49.0              1135.0                        1307.0            
  2007.0    7.0    2007.5833    31.0    50.0              1166.0                        1357.0            
  2007.0    8.0    2007.6667    17.0    41.0              1183.0                        1398.0            
  2007.0    9.0     2007.75     29.0    53.0              1212.0                        1451.0            
  2007.0    10.0   2007.8333    24.0    27.0              1236.0                        1478.0            
  2007.0    11.0   2007.9167    19.0    23.0              1255.0                        1501.0            
  2007.0    12.0     2008.0     13.0    33.0              1268.0                        1534.0            
  2008.0    1.0    2008.0833    21.0    27.0              1289.0                        1561.0            
  2008.0    2.0    2008.1667    19.0    11.0              1308.0                        1572.0            
  2008.0    3.0     2008.25     13.0    34.0              1321.0                        1606.0            
  2008.0    4.0    2008.3333    17.0    12.0              1338.0                        1618.0            
  2008.0    5.0    2008.4167    16.0    22.0              1354.0                        1640.0            
  2008.0    6.0      2008.5     9.0     25.0              1363.0                        1665.0            
  2008.0    7.0    2008.5833    13.0    19.0              1376.0                        1684.0            
  2008.0    8.0    2008.6667    13.0    10.0              1389.0                        1694.0            
  2008.0    9.0     2008.75     13.0    19.0              1402.0                        1713.0            
  2008.0    10.0   2008.8333    21.0    12.0              1423.0                        1725.0            
  2008.0    11.0   2008.9167    14.0    6.0               1437.0                        1731.0            
