1996.0   1.0     1996.0833         0.0             0.0             0.0            0.0       
1996.0   2.0     1996.1667         0.0             0.0             0.0            0.0       
1996.0   3.0      1996.25          0.0             0.0             0.0            0.0       
1996.0   4.0     1996.3333         0.0             0.0             0.0            0.0       
1996.0   5.0     1996.4167         0.0             0.0             0.0            0.0       
1996.0   6.0       1996.5          0.0             0.0             0.0            0.0       
1996.0   7.0     1996.5833         0.0             1.0             -1.0           -1.0      
1996.0   8.0     1996.6667         0.0             3.0             -3.0           -1.0      
1996.0   9.0      1996.75          0.0             3.0             -3.0           -1.0      
1996.0   10.0    1996.8333         0.0             4.0             -4.0           -1.0      
1996.0   11.0    1996.9167         1.0             4.0             -3.0           -0.6      
1996.0   12.0      1997.0          2.0             4.0             -2.0         -0.3333     
1997.0   1.0     1997.0833         2.0             4.0             -2.0         -0.3333     
1997.0   2.0     1997.1667         2.0             4.0             -2.0         -0.3333     
1997.0   3.0      1997.25          3.0             4.0             -1.0         -0.1429     
1997.0   4.0     1997.3333         3.0             5.0             -2.0          -0.25      
1997.0   5.0     1997.4167         3.0             5.0             -2.0          -0.25      
1997.0   6.0       1997.5          3.0             5.0             -2.0          -0.25      
1997.0   7.0     1997.5833         3.0             5.0             -2.0          -0.25      
1997.0   8.0     1997.6667         5.0             5.0             0.0            0.0       
1997.0   9.0      1997.75          5.0             5.0             0.0            0.0       
1997.0   10.0    1997.8333         5.0             5.0             0.0            0.0       
1997.0   11.0    1997.9167         5.0             5.0             0.0            0.0       
1997.0   12.0      1998.0          6.0             6.0             0.0            0.0       
1998.0   1.0     1998.0833         7.0             7.0             0.0            0.0       
1998.0   2.0     1998.1667         8.0             7.0             1.0           0.0667     
1998.0   3.0      1998.25          10.0            7.0             3.0           0.1765     
1998.0   4.0     1998.3333         11.0            7.0             4.0           0.2222     
1998.0   5.0     1998.4167         13.0            7.0             6.0            0.3       
1998.0   6.0       1998.5          16.0            10.0            6.0           0.2308     
1998.0   10.0    1998.8333         16.0            10.0            6.0           0.2308     
1998.0   11.0    1998.9167         16.0            11.0            5.0           0.1852     
1998.0   12.0      1999.0          18.0            12.0            6.0            0.2       
1999.0   2.0     1999.1667         18.0            13.0            5.0           0.1613     
1999.0   3.0      1999.25          20.0            15.0            5.0           0.1429     
1999.0   4.0     1999.3333         22.0            15.0            7.0           0.1892     
1999.0   5.0     1999.4167         26.0            17.0            9.0           0.2093     
1999.0   6.0       1999.5          30.0            18.0            12.0           0.25      
1999.0   7.0     1999.5833         37.0            21.0            16.0          0.2759     
1999.0   8.0     1999.6667         42.0            29.0            13.0          0.1831     
1999.0   9.0      1999.75          47.0            32.0            15.0          0.1899     
1999.0   10.0    1999.8333         51.0            34.0            17.0           0.2       
1999.0   11.0    1999.9167         54.0            39.0            15.0          0.1613     
1999.0   12.0      2000.0          60.0            40.0            20.0           0.2       
2000.0   1.0     2000.0833         61.0            41.0            20.0          0.1961     
2000.0   2.0     2000.1667         65.0            41.0            24.0          0.2264     
2000.0   3.0      2000.25          68.0            41.0            27.0          0.2477     
2000.0   4.0     2000.3333         72.0            44.0            28.0          0.2414     
2000.0   5.0     2000.4167         77.0            45.0            32.0          0.2623     
2000.0   6.0       2000.5          82.0            46.0            36.0          0.2812     
2000.0   7.0     2000.5833         83.0            46.0            37.0          0.2868     
2000.0   8.0     2000.6667         90.0            51.0            39.0          0.2766     
2000.0   9.0      2000.75          98.0            58.0            40.0          0.2564     
2000.0   10.0    2000.8333        101.0            61.0            40.0          0.2469     
2000.0   11.0    2000.9167        107.0            65.0            42.0          0.2442     
2000.0   12.0      2001.0         109.0            68.0            41.0          0.2316     
2001.0   1.0     2001.0833        111.0            71.0            40.0          0.2198     
2001.0   2.0     2001.1667        113.0            74.0            39.0          0.2086     
2001.0   3.0      2001.25         116.0            78.0            38.0          0.1959     
2001.0   4.0     2001.3333        116.0            79.0            37.0          0.1897     
2001.0   5.0     2001.4167        117.0            82.0            35.0          0.1759     
2001.0   6.0       2001.5         121.0            84.0            37.0          0.1805     
2001.0   7.0     2001.5833        122.0            85.0            37.0          0.1787     
2001.0   8.0     2001.6667        122.0            86.0            36.0          0.1731     
2001.0   9.0      2001.75         123.0            91.0            32.0          0.1495     
2001.0   10.0    2001.8333        125.0            92.0            33.0          0.1521     
2001.0   11.0    2001.9167        128.0            95.0            33.0          0.148      
2001.0   12.0      2002.0         129.0            96.0            33.0          0.1467     
2002.0   1.0     2002.0833        133.0            97.0            36.0          0.1565     
2002.0   2.0     2002.1667        134.0            98.0            36.0          0.1552     
2002.0   3.0      2002.25         138.0           106.0            32.0          0.1311     
2002.0   4.0     2002.3333        138.0           112.0            26.0          0.104      
2002.0   5.0     2002.4167        141.0           112.0            29.0          0.1146     
2002.0   6.0       2002.5         144.0           117.0            27.0          0.1034     
2002.0   7.0     2002.5833        146.0           120.0            26.0          0.0977     
2002.0   8.0     2002.6667        148.0           125.0            23.0          0.0842     
2002.0   9.0      2002.75         151.0           129.0            22.0          0.0786     
2002.0   10.0    2002.8333        152.0           132.0            20.0          0.0704     
2002.0   11.0    2002.9167        153.0           134.0            19.0          0.0662     
2002.0   12.0      2003.0         154.0           135.0            19.0          0.0657     
2003.0   1.0     2003.0833        158.0           138.0            20.0          0.0676     
2003.0   2.0     2003.1667        160.0           140.0            20.0          0.0667     
2003.0   3.0      2003.25         161.0           143.0            18.0          0.0592     
2003.0   4.0     2003.3333        162.0           149.0            13.0          0.0418     
2003.0   5.0     2003.4167        165.0           158.0            7.0           0.0217     
2003.0   6.0       2003.5         168.0           161.0            7.0           0.0213     
2003.0   7.0     2003.5833        168.0           162.0            6.0           0.0182     
2003.0   8.0     2003.6667        168.0           162.0            6.0           0.0182     
2003.0   9.0      2003.75         170.0           163.0            7.0           0.021      
2003.0   10.0    2003.8333        171.0           166.0            5.0           0.0148     
2003.0   11.0    2003.9167        172.0           167.0            5.0           0.0147     
2003.0   12.0      2004.0         172.0           168.0            4.0           0.0118     
2004.0   1.0     2004.0833        172.0           171.0            1.0           0.0029     
2004.0   2.0     2004.1667        174.0           172.0            2.0           0.0058     
2004.0   3.0      2004.25         177.0           177.0            0.0            0.0       
2004.0   4.0     2004.3333        178.0           180.0            -2.0         -0.0056     
2004.0   5.0     2004.4167        179.0           183.0            -4.0          -0.011     
2004.0   6.0       2004.5         185.0           185.0            0.0            0.0       
2004.0   7.0     2004.5833        188.0           185.0            3.0           0.008      
2004.0   8.0     2004.6667        188.0           187.0            1.0           0.0027     
2004.0   9.0      2004.75         188.0           187.0            1.0           0.0027     
2004.0   10.0    2004.8333        190.0           187.0            3.0           0.008      
2004.0   11.0    2004.9167        193.0           187.0            6.0           0.0158     
2004.0   12.0      2005.0         195.0           188.0            7.0           0.0183     
2005.0   1.0     2005.0833        196.0           191.0            5.0           0.0129     
2005.0   2.0     2005.1667        201.0           195.0            6.0           0.0152     
2005.0   3.0      2005.25         211.0           196.0            15.0          0.0369     
2005.0   4.0     2005.3333        216.0           200.0            16.0          0.0385     
2005.0   5.0     2005.4167        225.0           205.0            20.0          0.0465     
2005.0   6.0       2005.5         226.0           210.0            16.0          0.0367     
2005.0   7.0     2005.5833        227.0           211.0            16.0          0.0365     
2005.0   8.0     2005.6667        232.0           212.0            20.0          0.045      
2005.0   9.0      2005.75         235.0           213.0            22.0          0.0491     
2005.0   10.0    2005.8333        241.0           221.0            20.0          0.0433     
2005.0   11.0    2005.9167        246.0           229.0            17.0          0.0358     
2005.0   12.0      2006.0         250.0           234.0            16.0          0.0331     
2006.0   1.0     2006.0833        251.0           238.0            13.0          0.0266     
2006.0   2.0     2006.1667        254.0           239.0            15.0          0.0304     
2006.0   3.0      2006.25         255.0           239.0            16.0          0.0324     
2006.0   4.0     2006.3333        258.0           240.0            18.0          0.0361     
2006.0   5.0     2006.4167        259.0           241.0            18.0          0.036      
2006.0   6.0       2006.5         261.0           241.0            20.0          0.0398     
2006.0   7.0     2006.5833        268.0           248.0            20.0          0.0388     
2006.0   8.0     2006.6667        271.0           252.0            19.0          0.0363     
2006.0   9.0      2006.75         272.0           258.0            14.0          0.0264     
2006.0   10.0    2006.8333        277.0           259.0            18.0          0.0336     
2006.0   11.0    2006.9167        282.0           260.0            22.0          0.0406     
2006.0   12.0      2007.0         285.0           262.0            23.0          0.042      
2007.0   1.0     2007.0833        288.0           266.0            22.0          0.0397     
2007.0   2.0     2007.1667        293.0           269.0            24.0          0.0427     
2007.0   3.0      2007.25         302.0           279.0            23.0          0.0396     
2007.0   4.0     2007.3333        310.0           285.0            25.0          0.042      
2007.0   5.0     2007.4167        314.0           289.0            25.0          0.0415     
2007.0   6.0       2007.5         321.0           298.0            23.0          0.0372     
2007.0   7.0     2007.5833        328.0           305.0            23.0          0.0363     
2007.0   8.0     2007.6667        336.0           308.0            28.0          0.0435     
2007.0   9.0      2007.75         342.0           314.0            28.0          0.0427     
2007.0   10.0    2007.8333        350.0           317.0            33.0          0.0495     
2007.0   11.0    2007.9167        357.0           326.0            31.0          0.0454     
2007.0   12.0      2008.0         376.0           335.0            41.0          0.0577     
2008.0   1.0     2008.0833        384.0           341.0            43.0          0.0593     
2008.0   2.0     2008.1667        390.0           345.0            45.0          0.0612     
2008.0   3.0      2008.25         404.0           352.0            52.0          0.0688     
2008.0   4.0     2008.3333        416.0           360.0            56.0          0.0722     
2008.0   5.0     2008.4167        419.0           364.0            55.0          0.0702     
2008.0   6.0       2008.5         428.0           372.0            56.0           0.07      
2008.0   7.0     2008.5833        441.0           382.0            59.0          0.0717     
2008.0   8.0     2008.6667        447.0           389.0            58.0          0.0694     
2008.0   9.0      2008.75         454.0           394.0            60.0          0.0708     
2008.0   10.0    2008.8333        463.0           402.0            61.0          0.0705     
2008.0   11.0    2008.9167        468.0           410.0            58.0          0.0661     
