  2008.0    12.0     2009.0                15.0                          10.0             
  2009.0    1.0    2009.0833               11.0                          10.0             
  2009.0    2.0    2009.1667               7.0                           5.0              
  2009.0    3.0     2009.25                10.0                          1.0              
  2009.0    4.0    2009.3333               12.0                          9.0              
  2009.0    5.0    2009.4167               7.0                           2.0              
  2009.0    6.0      2009.5                10.0                          10.0             
  2009.0    7.0    2009.5833               7.0                           5.0              
  2009.0    8.0    2009.6667               9.0                           3.0              
  2009.0    9.0     2009.75                21.0                          8.0              
  2009.0    10.0   2009.8333               9.0                           8.0              
  2009.0    11.0   2009.9167               6.0                           2.0              
  2009.0    12.0     2010.0                10.0                          11.0             
  2010.0    1.0    2010.0833               9.0                           4.0              
  2010.0    2.0    2010.1667               2.0                           0.0              
  2010.0    3.0     2010.25                5.0                           3.0              
  2010.0    4.0    2010.3333               3.0                           0.0              
  2010.0    5.0    2010.4167               9.0                           4.0              
  2010.0    6.0      2010.5                3.0                           2.0              
  2010.0    7.0    2010.5833               6.0                           3.0              
  2010.0    8.0    2010.6667               8.0                           4.0              
  2010.0    9.0     2010.75                6.0                           3.0              
  2010.0    10.0   2010.8333               6.0                           2.0              
  2010.0    11.0   2010.9167               11.0                          9.0              
  2010.0    12.0     2011.0                5.0                           5.0              
  2011.0    1.0    2011.0833               9.0                           4.0              
  2011.0    2.0    2011.1667               11.0                          2.0              
  2011.0    3.0     2011.25                12.0                          12.0             
  2011.0    4.0    2011.3333               21.0                          11.0             
  2011.0    5.0    2011.4167               17.0                          7.0              
  2011.0    6.0      2011.5                14.0                          6.0              
  2011.0    7.0    2011.5833               8.0                           5.0              
  2011.0    8.0    2011.6667               22.0                          7.0              
  2011.0    9.0     2011.75                7.0                           3.0              
  2011.0    10.0   2011.8333               30.0                          5.0              
  2011.0    11.0   2011.9167               12.0                          2.0              
  2011.0    12.0     2012.0                12.0                          5.0              
  2012.0    1.0    2012.0833               13.0                          3.0              
  2012.0    2.0    2012.1667               14.0                          2.0              
  2012.0    3.0     2012.25                15.0                          5.0              
  2012.0    4.0    2012.3333               13.0                          8.0              
  2012.0    5.0    2012.4167               12.0                          9.0              
  2012.0    6.0      2012.5                16.0                          9.0              
  2012.0    7.0    2012.5833               21.0                          10.0             
  2012.0    8.0    2012.6667               14.0                          7.0              
  2012.0    9.0     2012.75                21.0                          13.0             
  2012.0    10.0   2012.8333               19.0                          9.0              
  2012.0    11.0   2012.9167               13.0                          13.0             
  2012.0    12.0     2013.0                29.0                          18.0             
  2013.0    1.0    2013.0833               15.0                          13.0             
  2013.0    2.0    2013.1667               19.0                          16.0             
  2013.0    3.0     2013.25                26.0                          13.0             
  2013.0    4.0    2013.3333               23.0                          13.0             
  2013.0    5.0    2013.4167               28.0                          15.0             
  2013.0    6.0      2013.5                19.0                          24.0             
  2013.0    7.0    2013.5833               16.0                          11.0             
  2013.0    8.0    2013.6667               14.0                          12.0             
  2013.0    9.0     2013.75                11.0                          11.0             
  2013.0    10.0   2013.8333               9.0                           21.0             
  2013.0    11.0   2013.9167               20.0                          17.0             
  2013.0    12.0     2014.0                15.0                          16.0             
  2014.0    1.0    2014.0833               3.0                           11.0             
  2014.0    2.0    2014.1667               9.0                           21.0             
  2014.0    3.0     2014.25                9.0                           12.0             
  2014.0    4.0    2014.3333               12.0                          22.0             
  2014.0    5.0    2014.4167               15.0                          13.0             
  2014.0    6.0      2014.5                13.0                          21.0             
  2014.0    7.0    2014.5833               11.0                          25.0             
  2014.0    8.0    2014.6667               8.0                           13.0             
  2014.0    9.0     2014.75                15.0                          9.0              
  2014.0    10.0   2014.8333               17.0                          29.0             
  2014.0    11.0   2014.9167               25.0                          7.0              
  2014.0    12.0     2015.0                32.0                          10.0             
  2015.0    1.0    2015.0833               17.0                          6.0              
  2015.0    2.0    2015.1667               9.0                           13.0             
  2015.0    3.0     2015.25                14.0                          7.0              
  2015.0    4.0    2015.3333               19.0                          7.0              
  2015.0    5.0    2015.4167               18.0                          6.0              
  2015.0    6.0      2015.5                12.0                          4.0              
  2015.0    7.0    2015.5833               23.0                          5.0              
  2015.0    8.0    2015.6667               19.0                          5.0              
  2015.0    9.0     2015.75                10.0                          5.0              
  2015.0    10.0   2015.8333               13.0                          3.0              
  2015.0    11.0   2015.9167               17.0                          1.0              
  2015.0    12.0     2016.0                11.0                          9.0              
  2016.0    1.0    2016.0833               18.0                          5.0              
  2016.0    2.0    2016.1667               10.0                          8.0              
  2016.0    3.0     2016.25                11.0                          2.0              
  2016.0    4.0    2016.3333               16.0                          1.0              
  2016.0    5.0    2016.4167               8.0                           1.0              
  2016.0    6.0      2016.5                11.0                          5.0              
  2016.0    7.0    2016.5833               12.0                          3.0              
  2016.0    8.0    2016.6667               5.0                           0.0              
  2016.0    9.0     2016.75                0.0                           1.0              
  2016.0    10.0   2016.8333               5.0                           7.0              
  2016.0    11.0   2016.9167               3.0                           0.0              
  2016.0    12.0     2017.0                9.0                           2.0              
  2017.0    1.0    2017.0833               6.0                           0.0              
  2017.0    2.0    2017.1667               1.0                           1.0              
  2017.0    3.0     2017.25                7.0                           3.0              
  2017.0    4.0    2017.3333               5.0                           2.0              
  2017.0    5.0    2017.4167               2.0                           3.0              
  2017.0    6.0      2017.5                2.0                           0.0              
  2017.0    7.0    2017.5833               3.0                           1.0              
  2017.0    8.0    2017.6667               6.0                           4.0              
  2017.0    9.0     2017.75                5.0                           1.0              
  2017.0    10.0   2017.8333               5.0                           0.0              
  2017.0    11.0   2017.9167               4.0                           3.0              
  2017.0    12.0     2018.0                3.0                           0.0              
  2018.0    1.0    2018.0833               2.0                           3.0              
  2018.0    2.0    2018.1667               3.0                           3.0              
  2018.0    3.0     2018.25                3.0                           0.0              
  2018.0    4.0    2018.3333               3.0                           5.0              
  2018.0    5.0    2018.4167               3.0                           1.0              
  2018.0    6.0      2018.5                0.0                           0.0              
  2018.0    7.0    2018.5833               4.0                           1.0              
  2018.0    8.0    2018.6667               3.0                           2.0              
  2018.0    9.0     2018.75                1.0                           3.0              
  2018.0    10.0   2018.8333               3.0                           0.0              
  2018.0    11.0   2018.9167               1.0                           2.0              
  2018.0    12.0     2019.0                4.0                           1.0              
  2019.0    1.0    2019.0833               6.0                           4.0              
  2019.0    2.0    2019.1667               2.0                           2.0              
  2019.0    3.0     2019.25                6.0                           4.0              
  2019.0    4.0    2019.3333               2.0                           3.0              
  2019.0    5.0    2019.4167               2.0                           3.0              
  2019.0    6.0      2019.5                2.0                           0.0              
  2019.0    7.0    2019.5833               6.0                           1.0              
  2019.0    8.0    2019.6667               0.0                           0.0              
  2019.0    9.0     2019.75                2.0                           2.0              
  2019.0    10.0   2019.8333               0.0                           5.0              
  2019.0    11.0   2019.9167               5.0                           1.0              
  2019.0    12.0     2020.0                4.0                           4.0              
  2020.0    1.0    2020.0833               1.0                           2.0              
  2020.0    2.0    2020.1667               4.0                           5.0              
  2020.0    3.0     2020.25                1.0                           6.0              
  2020.0    4.0    2020.3333               1.0                           5.0              
  2020.0    5.0    2020.4167               5.0                           1.0              
  2020.0    6.0      2020.5                0.0                           5.0              
  2020.0    7.0    2020.5833               2.0                           7.0              
  2020.0    8.0    2020.6667               0.0                           2.0              
  2020.0    9.0     2020.75                2.0                           3.0              
  2020.0    10.0   2020.8333               6.0                           3.0              
  2020.0    11.0   2020.9167               13.0                          4.0              
  2020.0    12.0     2021.0                2.0                           2.0              
