 1996  01 1996.0833   3     0     0     0   
 1996  02 1996.1667   6     0     0     0   
 1996  03  1996.25    12    0     0     0   
 1996  04 1996.3333   10    0     0     0   
 1996  05 1996.4167   8     0     0     0   
 1996  06   1996.5    4     0     0     0   
 1996  07 1996.5833   7     0     1     1   
 1996  08 1996.6667   6     0     2     2   
 1996  09  1996.75    10    0     0     0   
 1996  10 1996.8333   7     0     1     1   
 1996  11 1996.9167   9     1     0     1   
 1996  12   1997.0    11    1     0     1   
 1997  01 1997.0833   8     0     0     0   
 1997  02 1997.1667   11    0     0     0   
 1997  03  1997.25    11    1     0     1   
 1997  04 1997.3333   9     0     1     1   
 1997  05 1997.4167   10    0     0     0   
 1997  06   1997.5    9     0     0     0   
 1997  07 1997.5833   11    0     0     0   
 1997  08 1997.6667   9     2     0     2   
 1997  09  1997.75    13    0     0     0   
 1997  10 1997.8333   10    0     0     0   
 1997  11 1997.9167   18    0     0     0   
 1997  12   1998.0    17    1     1     2   
 1998  01 1998.0833   22    1     1     2   
 1998  02 1998.1667   30    1     0     1   
 1998  03  1998.25    21    2     0     2   
 1998  04 1998.3333   24    1     0     1   
 1998  05 1998.4167   29    2     0     2   
 1998  06   1998.5    34    3     3     6   
 1998  10 1998.8333   2     0     0     0   
 1998  11 1998.9167   4     0     1     1   
 1998  12   1999.0    12    2     1     3   
 1999  02 1999.1667   8     0     1     1   
 1999  03  1999.25    14    2     2     4   
 1999  04 1999.3333   9     2     0     2   
 1999  05 1999.4167   24    4     2     6   
 1999  06   1999.5    23    4     1     5   
 1999  07 1999.5833   48    7     3     10  
 1999  08 1999.6667   42    5     8     13  
 1999  09  1999.75    37    5     3     8   
 1999  10 1999.8333   34    4     2     6   
 1999  11 1999.9167   39    3     5     8   
 1999  12   2000.0    25    6     1     7   
 2000  01 2000.0833   14    1     1     2   
 2000  02 2000.1667   22    4     0     4   
 2000  03  2000.25    21    3     0     3   
 2000  04 2000.3333   24    4     3     7   
 2000  05 2000.4167   17    5     1     6   
 2000  06   2000.5    22    5     1     6   
 2000  07 2000.5833   19    1     0     1   
 2000  08 2000.6667   60    7     5     12  
 2000  09  2000.75    52    8     7     15  
 2000  10 2000.8333   42    3     3     6   
 2000  11 2000.9167   64    6     4     10  
 2000  12   2001.0    36    2     3     5   
 2001  01 2001.0833   34    2     3     5   
 2001  02 2001.1667   24    2     3     5   
 2001  03  2001.25    39    3     4     7   
 2001  04 2001.3333   14    0     1     1   
 2001  05 2001.4167   29    1     3     4   
 2001  06   2001.5    35    4     2     6   
 2001  07 2001.5833   14    1     1     2   
 2001  08 2001.6667   7     0     1     1   
 2001  09  2001.75    58    1     5     6   
 2001  10 2001.8333   35    2     1     3   
 2001  11 2001.9167   11    3     3     6   
 2001  12   2002.0    10    1     1     2   
 2002  01 2002.0833   29    4     1     5   
 2002  02 2002.1667   20    1     1     2   
 2002  03  2002.25    52    4     8     12  
 2002  04 2002.3333   34    0     6     6   
 2002  05 2002.4167   29    3     0     3   
 2002  06   2002.5    49    3     5     8   
 2002  07 2002.5833   31    2     3     5   
 2002  08 2002.6667   37    2     5     7   
 2002  09  2002.75    53    3     4     7   
 2002  10 2002.8333   46    1     3     4   
 2002  11 2002.9167   25    1     2     3   
 2002  12   2003.0    29    1     1     2   
 2003  01 2003.0833   53    4     3     7   
 2003  02 2003.1667   41    2     2     4   
 2003  03  2003.25    40    1     3     4   
 2003  04 2003.3333   64    1     6     7   
 2003  05 2003.4167   53    3     9     12  
 2003  06   2003.5    37    3     3     6   
 2003  07 2003.5833   15    0     1     1   
 2003  08 2003.6667   21    0     0     0   
 2003  09  2003.75    26    2     1     3   
 2003  10 2003.8333   19    1     3     4   
 2003  11 2003.9167   16    1     1     2   
 2003  12   2004.0    23    0     1     1   
 2004  01 2004.0833   25    0     3     3   
 2004  02 2004.1667   61    2     1     3   
 2004  03  2004.25    52    3     5     8   
 2004  04 2004.3333   38    1     3     4   
 2004  05 2004.4167   64    1     3     4   
 2004  06   2004.5    49    6     2     8   
 2004  07 2004.5833   25    3     0     3   
 2004  08 2004.6667   20    0     2     2   
 2004  09  2004.75    21    0     0     0   
 2004  10 2004.8333   24    2     0     2   
 2004  11 2004.9167   37    3     0     3   
 2004  12   2005.0    19    2     1     3   
 2005  01 2005.0833   28    1     3     4   
 2005  02 2005.1667   57    5     4     9   
 2005  03  2005.25    58    10    1     11  
 2005  04 2005.3333   46    5     4     9   
 2005  05 2005.4167   62    9     5     14  
 2005  06   2005.5    48    1     5     6   
 2005  07 2005.5833   35    1     1     2   
 2005  08 2005.6667   38    5     1     6   
 2005  09  2005.75    22    3     1     4   
 2005  10 2005.8333   32    6     8     14  
 2005  11 2005.9167   38    5     8     13  
 2005  12   2006.0    37    4     5     9   
 2006  01 2006.0833   76    1     4     5   
 2006  02 2006.1667   60    3     1     4   
 2006  03  2006.25    30    1     0     1   
 2006  04 2006.3333   54    3     1     4   
 2006  05 2006.4167   77    1     1     2   
 2006  06   2006.5    64    2     0     2   
 2006  07 2006.5833  107    7     7     14  
 2006  08 2006.6667   91    3     4     7   
 2006  09  2006.75   100    1     6     7   
 2006  10 2006.8333   40    5     1     6   
 2006  11 2006.9167   32    5     1     6   
 2006  12   2007.0    24    3     2     5   
 2007  01 2007.0833   75    3     4     7   
 2007  02 2007.1667   63    5     3     8   
 2007  03  2007.25   104    9     10    19  
 2007  04 2007.3333  146    8     6     14  
 2007  05 2007.4167  110    4     4     8   
 2007  06   2007.5   130    7     9     16  
 2007  07 2007.5833  124    7     7     14  
 2007  08 2007.6667  100    8     3     11  
 2007  09  2007.75   112    6     6     12  
 2007  10 2007.8333   97    8     3     11  
 2007  11 2007.9167   74    7     9     16  
 2007  12   2008.0   106    19    9     28  
 2008  01 2008.0833   86    8     6     14  
 2008  02 2008.1667   59    6     4     10  
 2008  03  2008.25    92    14    7     21  
 2008  04 2008.3333   67    12    8     20  
 2008  05 2008.4167   68    3     4     7   
 2008  06   2008.5    60    9     8     17  
 2008  07 2008.5833   69    13    10    23  
 2008  08 2008.6667   46    6     7     13  
 2008  09  2008.75    53    7     5     12  
 2008  10 2008.8333   57    9     8     17  
 2008  11 2008.9167   48    5     8     13  
 2008  12   2009.0    63    15    10    25  
 2009  01 2009.0833   51    11    10    21  
 2009  02 2009.1667   45    7     5     12  
 2009  03  2009.25    56    10    1     11  
 2009  04 2009.3333   53    12    9     21  
 2009  05 2009.4167   38    7     2     9   
 2009  06   2009.5    57    10    10    20  
 2009  07 2009.5833   39    7     5     12  
 2009  08 2009.6667   40    9     3     12  
 2009  09  2009.75    95    21    8     29  
 2009  10 2009.8333   56    9     8     17  
 2009  11 2009.9167   37    6     2     8   
 2009  12   2010.0    56    10    11    21  
 2010  01 2010.0833   51    9     4     13  
 2010  02 2010.1667   42    2     0     2   
 2010  03  2010.25    57    5     3     8   
 2010  04 2010.3333   64    3     0     3   
 2010  05 2010.4167   75    9     4     13  
 2010  06   2010.5    72    3     2     5   
 2010  07 2010.5833   72    6     3     9   
 2010  08 2010.6667   56    8     4     12  
 2010  09  2010.75    53    6     3     9   
 2010  10 2010.8333   52    6     2     8   
 2010  11 2010.9167  104    11    9     20  
 2010  12   2011.0    91    5     5     10  
 2011  01 2011.0833   57    9     4     13  
 2011  02 2011.1667   72    11    2     13  
 2011  03  2011.25   128    12    12    24  
 2011  04 2011.3333  165    21    11    32  
 2011  05 2011.4167  159    17    7     24  
 2011  06   2011.5   141    14    6     20  
 2011  07 2011.5833  110    8     5     13  
 2011  08 2011.6667   96    22    7     29  
 2011  09  2011.75   100    7     3     10  
 2011  10 2011.8333  172    30    5     35  
 2011  11 2011.9167  104    12    2     14  
 2011  12   2012.0   109    12    5     17  
 2012  01 2012.0833   96    13    3     16  
 2012  02 2012.1667   77    14    2     16  
 2012  03  2012.25    94    15    5     20  
 2012  04 2012.3333  116    13    8     21  
 2012  05 2012.4167  114    12    9     21  
 2012  06   2012.5   151    16    9     25  
 2012  07 2012.5833  133    21    10    31  
 2012  08 2012.6667  106    14    7     21  
 2012  09  2012.75   127    21    13    34  
 2012  10 2012.8333   98    19    9     28  
 2012  11 2012.9167  130    13    13    26  
 2012  12   2013.0   187    29    18    47  
 2013  01 2013.0833  176    15    13    28  
 2013  02 2013.1667  145    19    16    35  
 2013  03  2013.25   142    26    13    39  
 2013  04 2013.3333  151    23    13    36  
 2013  05 2013.4167  180    28    15    43  
 2013  06   2013.5   118    19    24    43  
 2013  07 2013.5833  100    16    11    27  
 2013  08 2013.6667   84    14    12    26  
 2013  09  2013.75    93    11    11    22  
 2013  10 2013.8333  150    9     21    30  
 2013  11 2013.9167  120    20    17    37  
 2013  12   2014.0   152    15    16    31  
 2014  01 2014.0833   98    3     11    14  
 2014  02 2014.1667  113    9     21    30  
 2014  03  2014.25   127    9     12    21  
 2014  04 2014.3333  156    12    22    34  
 2014  05 2014.4167  152    15    13    28  
 2014  06   2014.5   180    13    21    34  
 2014  07 2014.5833  141    11    25    36  
 2014  08 2014.6667  124    8     13    21  
 2014  09  2014.75   104    15    9     24  
 2014  10 2014.8333  164    17    29    46  
 2014  11 2014.9167  142    25    7     32  
 2014  12   2015.0   162    32    10    42  
 2015  01 2015.0833  142    17    6     23  
 2015  02 2015.1667   93    9     13    22  
 2015  03  2015.25   132    14    7     21  
 2015  04 2015.3333  141    19    7     26  
 2015  05 2015.4167  127    18    6     24  
 2015  06   2015.5   109    12    4     16  
 2015  07 2015.5833  143    23    5     28  
 2015  08 2015.6667  129    19    5     24  
 2015  09  2015.75   118    10    5     15  
 2015  10 2015.8333  126    13    3     16  
 2015  11 2015.9167  118    17    1     18  
 2015  12   2016.0   131    11    9     20  
 2016  01 2016.0833  117    18    5     23  
 2016  02 2016.1667  129    10    8     18  
 2016  03  2016.25    95    11    2     13  
 2016  04 2016.3333   86    16    1     17  
 2016  05 2016.4167  115    8     1     9   
 2016  06   2016.5    79    11    5     16  
 2016  07 2016.5833   86    12    3     15  
 2016  08 2016.6667   71    5     0     5   
 2016  09  2016.75    58    0     1     1   
 2016  10 2016.8333   74    5     7     12  
 2016  11 2016.9167   77    3     0     3   
 2016  12   2017.0    69    9     2     11  
 2017  01 2017.0833   57    6     0     6   
 2017  02 2017.1667   41    1     1     2   
 2017  03  2017.25    44    7     3     10  
 2017  04 2017.3333   60    5     2     7   
 2017  05 2017.4167   51    2     3     5   
 2017  06   2017.5    42    2     0     2   
 2017  07 2017.5833   49    3     1     4   
 2017  08 2017.6667   51    6     4     10  
 2017  09  2017.75    42    5     1     6   
 2017  10 2017.8333   46    5     0     5   
 2017  11 2017.9167   40    4     3     7   
 2017  12   2018.0    43    3     0     3   
 2018  01 2018.0833   33    2     3     5   
 2018  02 2018.1667   30    3     3     6   
 2018  03  2018.25    42    3     0     3   
 2018  04 2018.3333   45    3     5     8   
 2018  05 2018.4167   42    3     1     4   
 2018  06   2018.5    32    0     0     0   
 2018  07 2018.5833   38    4     1     5   
 2018  08 2018.6667   46    3     2     5   
 2018  09  2018.75    33    1     3     4   
 2018  10 2018.8333   36    3     0     3   
 2018  11 2018.9167   32    1     2     3   
 2018  12   2019.0    28    4     1     5   
 2019  01 2019.0833   43    6     4     10  
 2019  02 2019.1667   28    2     2     4   
 2019  03  2019.25    51    6     4     10  
 2019  04 2019.3333   25    2     3     5   
 2019  05 2019.4167   54    2     3     5   
 2019  06   2019.5    36    2     0     2   
 2019  07 2019.5833   52    6     1     7   
 2019  08 2019.6667   30    0     0     0   
 2019  09  2019.75    34    2     2     4   
 2019  10 2019.8333   46    0     5     5   
 2019  11 2019.9167   34    5     1     6   
 2019  12   2020.0    53    4     4     8   
 2020  01 2020.0833   42    1     2     3   
 2020  02 2020.1667   37    4     5     9   
 2020  03  2020.25    37    1     6     7   
 2020  04 2020.3333   32    1     5     6   
 2020  05 2020.4167   41    5     1     6   
 2020  06   2020.5    39    0     5     5   
 2020  07 2020.5833   36    2     7     9   
 2020  08 2020.6667   59    0     2     2   
 2020  09  2020.75    39    2     3     5   
 2020  10 2020.8333   46    6     3     9   
 2020  11 2020.9167   75    13    4     17  
 2020  12   2021.0    73    2     2     4   
