1996.0   1.0     1996.0833         0.0             0.0             0.0            0.0       
1996.0   3.0      1996.25          0.0             0.0             0.0            0.0       
1996.0   4.0     1996.3333         0.0             0.0             0.0            0.0       
1996.0   5.0     1996.4167         0.0             0.0             0.0            0.0       
1996.0   6.0       1996.5          0.0             0.0             0.0            0.0       
1996.0   7.0     1996.5833         0.0             0.0             0.0            0.0       
1996.0   8.0     1996.6667         0.0             0.0             0.0            0.0       
1996.0   9.0      1996.75          0.0             1.0             -1.0           -1.0      
1996.0   10.0    1996.8333         0.0             2.0             -2.0           -1.0      
1996.0   11.0    1996.9167         1.0             2.0             -1.0         -0.3333     
1996.0   12.0      1997.0          1.0             2.0             -1.0         -0.3333     
1997.0   1.0     1997.0833         1.0             2.0             -1.0         -0.3333     
1997.0   2.0     1997.1667         1.0             3.0             -2.0           -0.5      
1997.0   3.0      1997.25          1.0             3.0             -2.0           -0.5      
1997.0   4.0     1997.3333         1.0             3.0             -2.0           -0.5      
1997.0   5.0     1997.4167         1.0             3.0             -2.0           -0.5      
1997.0   6.0       1997.5          1.0             3.0             -2.0           -0.5      
1997.0   7.0     1997.5833         1.0             3.0             -2.0           -0.5      
1997.0   8.0     1997.6667         2.0             3.0             -1.0           -0.2      
1997.0   9.0      1997.75          2.0             4.0             -2.0         -0.3333     
1997.0   10.0    1997.8333         2.0             4.0             -2.0         -0.3333     
1997.0   11.0    1997.9167         2.0             4.0             -2.0         -0.3333     
1997.0   12.0      1998.0          3.0             5.0             -2.0          -0.25      
1998.0   1.0     1998.0833         6.0             5.0             1.0           0.0909     
1998.0   2.0     1998.1667         8.0             5.0             3.0           0.2308     
1998.0   3.0      1998.25          8.0             8.0             0.0            0.0       
1998.0   4.0     1998.3333         14.0            9.0             5.0           0.2174     
1998.0   5.0     1998.4167         17.0            15.0            2.0           0.0625     
1998.0   6.0       1998.5          19.0            21.0            -2.0          -0.05      
1998.0   10.0    1998.8333         20.0            22.0            -2.0         -0.0476     
1998.0   11.0    1998.9167         24.0            28.0            -4.0         -0.0769     
1998.0   12.0      1999.0          26.0            31.0            -5.0         -0.0877     
1999.0   2.0     1999.1667         28.0            35.0            -7.0         -0.1111     
1999.0   3.0      1999.25          40.0            42.0            -2.0         -0.0244     
1999.0   4.0     1999.3333         47.0            46.0            1.0           0.0108     
1999.0   5.0     1999.4167         55.0            47.0            8.0           0.0784     
1999.0   6.0       1999.5          64.0            50.0            14.0          0.1228     
1999.0   7.0     1999.5833         77.0            51.0            26.0          0.2031     
1999.0   8.0     1999.6667         89.0            56.0            33.0          0.2276     
1999.0   9.0      1999.75         106.0            58.0            48.0          0.2927     
1999.0   10.0    1999.8333        110.0            60.0            50.0          0.2941     
1999.0   11.0    1999.9167        112.0            64.0            48.0          0.2727     
1999.0   12.0      2000.0         117.0            69.0            48.0          0.2581     
2000.0   1.0     2000.0833        128.0            79.0            49.0          0.2367     
2000.0   2.0     2000.1667        140.0            91.0            49.0          0.2121     
2000.0   3.0      2000.25         154.0           104.0            50.0          0.1938     
2000.0   4.0     2000.3333        164.0           119.0            45.0          0.159      
2000.0   5.0     2000.4167        176.0           135.0            41.0          0.1318     
2000.0   6.0       2000.5         203.0           149.0            54.0          0.1534     
2000.0   7.0     2000.5833        217.0           164.0            53.0          0.1391     
2000.0   8.0     2000.6667        229.0           171.0            58.0          0.145      
2000.0   9.0      2000.75         247.0           180.0            67.0          0.1569     
2000.0   10.0    2000.8333        250.0           193.0            57.0          0.1287     
2000.0   11.0    2000.9167        260.0           201.0            59.0          0.128      
2000.0   12.0      2001.0         262.0           207.0            55.0          0.1173     
2001.0   1.0     2001.0833        262.0           217.0            45.0          0.0939     
2001.0   2.0     2001.1667        264.0           223.0            41.0          0.0842     
2001.0   3.0      2001.25         272.0           235.0            37.0          0.073      
2001.0   4.0     2001.3333        278.0           253.0            25.0          0.0471     
2001.0   5.0     2001.4167        284.0           264.0            20.0          0.0365     
2001.0   6.0       2001.5         286.0           272.0            14.0          0.0251     
2001.0   7.0     2001.5833        291.0           282.0            9.0           0.0157     
2001.0   8.0     2001.6667        300.0           292.0            8.0           0.0135     
2001.0   9.0      2001.75         306.0           301.0            5.0           0.0082     
2001.0   10.0    2001.8333        316.0           309.0            7.0           0.0112     
2001.0   11.0    2001.9167        323.0           314.0            9.0           0.0141     
2001.0   12.0      2002.0         328.0           324.0            4.0           0.0061     
2002.0   1.0     2002.0833        338.0           326.0            12.0          0.0181     
2002.0   2.0     2002.1667        343.0           332.0            11.0          0.0163     
2002.0   3.0      2002.25         351.0           348.0            3.0           0.0043     
2002.0   4.0     2002.3333        358.0           378.0           -20.0         -0.0272     
2002.0   5.0     2002.4167        361.0           384.0           -23.0         -0.0309     
2002.0   6.0       2002.5         361.0           391.0           -30.0         -0.0399     
2002.0   7.0     2002.5833        368.0           411.0           -43.0         -0.0552     
2002.0   8.0     2002.6667        373.0           425.0           -52.0         -0.0652     
2002.0   9.0      2002.75         377.0           437.0           -60.0         -0.0737     
2002.0   10.0    2002.8333        383.0           454.0           -71.0         -0.0848     
2002.0   11.0    2002.9167        394.0           467.0           -73.0         -0.0848     
2002.0   12.0      2003.0         397.0           470.0           -73.0         -0.0842     
2003.0   1.0     2003.0833        410.0           475.0           -65.0         -0.0734     
2003.0   2.0     2003.1667        413.0           477.0           -64.0         -0.0719     
2003.0   3.0      2003.25         418.0           480.0           -62.0          -0.069     
2003.0   4.0     2003.3333        422.0           487.0           -65.0         -0.0715     
2003.0   5.0     2003.4167        429.0           495.0           -66.0         -0.0714     
2003.0   6.0       2003.5         432.0           496.0           -64.0          -0.069     
2003.0   7.0     2003.5833        438.0           498.0           -60.0         -0.0641     
2003.0   8.0     2003.6667        443.0           500.0           -57.0         -0.0604     
2003.0   9.0      2003.75         450.0           508.0           -58.0         -0.0605     
2003.0   10.0    2003.8333        454.0           510.0           -56.0         -0.0581     
2003.0   11.0    2003.9167        454.0           512.0           -58.0          -0.06      
2003.0   12.0      2004.0         456.0           517.0           -61.0         -0.0627     
2004.0   1.0     2004.0833        457.0           522.0           -65.0         -0.0664     
2004.0   2.0     2004.1667        462.0           523.0           -61.0         -0.0619     
2004.0   3.0      2004.25         466.0           524.0           -58.0         -0.0586     
2004.0   4.0     2004.3333        468.0           527.0           -59.0         -0.0593     
2004.0   5.0     2004.4167        473.0           529.0           -56.0         -0.0559     
2004.0   6.0       2004.5         476.0           530.0           -54.0         -0.0537     
2004.0   7.0     2004.5833        480.0           537.0           -57.0          -0.056     
2004.0   8.0     2004.6667        481.0           541.0           -60.0         -0.0587     
2004.0   9.0      2004.75         481.0           543.0           -62.0         -0.0605     
2004.0   10.0    2004.8333        486.0           545.0           -59.0         -0.0572     
2004.0   11.0    2004.9167        490.0           546.0           -56.0         -0.0541     
2004.0   12.0      2005.0         493.0           547.0           -54.0         -0.0519     
2005.0   1.0     2005.0833        499.0           551.0           -52.0         -0.0495     
2005.0   2.0     2005.1667        499.0           556.0           -57.0          -0.054     
2005.0   3.0      2005.25         500.0           557.0           -57.0         -0.0539     
2005.0   4.0     2005.3333        503.0           562.0           -59.0         -0.0554     
2005.0   5.0     2005.4167        505.0           564.0           -59.0         -0.0552     
2005.0   6.0       2005.5         506.0           564.0           -58.0         -0.0542     
2005.0   7.0     2005.5833        509.0           564.0           -55.0         -0.0513     
2005.0   8.0     2005.6667        515.0           565.0           -50.0         -0.0463     
2005.0   9.0      2005.75         515.0           570.0           -55.0         -0.0507     
2005.0   10.0    2005.8333        516.0           574.0           -58.0         -0.0532     
2005.0   11.0    2005.9167        518.0           579.0           -61.0         -0.0556     
2005.0   12.0      2006.0         518.0           585.0           -67.0         -0.0607     
2006.0   1.0     2006.0833        518.0           589.0           -71.0         -0.0641     
2006.0   2.0     2006.1667        518.0           589.0           -71.0         -0.0641     
2006.0   3.0      2006.25         519.0           589.0           -70.0         -0.0632     
2006.0   4.0     2006.3333        519.0           590.0           -71.0          -0.064     
2006.0   5.0     2006.4167        519.0           590.0           -71.0          -0.064     
2006.0   6.0       2006.5         520.0           590.0           -70.0         -0.0631     
2006.0   7.0     2006.5833        520.0           593.0           -73.0         -0.0656     
2006.0   8.0     2006.6667        520.0           594.0           -74.0         -0.0664     
2006.0   9.0      2006.75         520.0           594.0           -74.0         -0.0664     
2006.0   10.0    2006.8333        520.0           595.0           -75.0         -0.0673     
2006.0   11.0    2006.9167        521.0           597.0           -76.0          -0.068     
2006.0   12.0      2007.0         521.0           599.0           -78.0         -0.0696     
2007.0   1.0     2007.0833        521.0           599.0           -78.0         -0.0696     
2007.0   2.0     2007.1667        521.0           599.0           -78.0         -0.0696     
2007.0   3.0      2007.25         521.0           599.0           -78.0         -0.0696     
2007.0   4.0     2007.3333        521.0           599.0           -78.0         -0.0696     
2007.0   5.0     2007.4167        521.0           600.0           -79.0         -0.0705     
2007.0   6.0       2007.5         521.0           600.0           -79.0         -0.0705     
2007.0   7.0     2007.5833        521.0           600.0           -79.0         -0.0705     
2007.0   8.0     2007.6667        521.0           600.0           -79.0         -0.0705     
2007.0   9.0      2007.75         521.0           600.0           -79.0         -0.0705     
2007.0   10.0    2007.8333        521.0           600.0           -79.0         -0.0705     
2007.0   11.0    2007.9167        521.0           600.0           -79.0         -0.0705     
2007.0   12.0      2008.0         521.0           600.0           -79.0         -0.0705     
2008.0   1.0     2008.0833        521.0           601.0           -80.0         -0.0713     
2008.0   2.0     2008.1667        521.0           601.0           -80.0         -0.0713     
2008.0   3.0      2008.25         521.0           601.0           -80.0         -0.0713     
2008.0   4.0     2008.3333        521.0           601.0           -80.0         -0.0713     
2008.0   5.0     2008.4167        521.0           601.0           -80.0         -0.0713     
2008.0   6.0       2008.5         522.0           602.0           -80.0         -0.0712     
2008.0   7.0     2008.5833        522.0           603.0           -81.0          -0.072     
2008.0   8.0     2008.6667        522.0           603.0           -81.0          -0.072     
2008.0   9.0      2008.75         523.0           603.0           -80.0          -0.071     
2008.0   10.0    2008.8333        523.0           603.0           -80.0          -0.071     
2008.0   11.0    2008.9167        523.0           603.0           -80.0          -0.071     
