 1996   01  1996.0833    3    -3.0 -5.0 -8.0
 1996   03   1996.25     6    6.0 4.0 -15.0 -11.0 15.0 -11.0
 1996   04  1996.3333    7    3.0 -2.0 -12.0 -12.0 -8.0 -8.0 -2.0
 1996   05  1996.4167    6    -4.0 5.0 -4.0 2.0 -2.0 1.0
 1996   06    1996.5     4    4.0 3.0 -7.0 8.0
 1996   07  1996.5833    16   1.0 -8.0 -6.0 3.0 -16.0 -5.0 -10.0 -3.0 3.0 -29.0 8.0 -42.0 10.0 9.0 -4.0 59.0
 1996   08  1996.6667    11   4.0 20.0 -11.0 -12.0 -41.0 -33.0 -37.0 -31.0 5.0 21.0 -1.0
 1996   09   1996.75     9    4.0 -27.0 24.0 15.0 15.0 15.0 -65.0 7.0 43.0
 1996   10  1996.8333    12   29.0 -42.0 -49.0 -30.0 -69.0 22.0 30.0 25.0 9.0 -23.0 3.0 -14.0
 1996   11  1996.9167    14   -13.0 -4.0 -14.0 -10.0 -10.0 18.0 85.0 -2.0 0.0 1.0 7.0 -3.0 -9.0 -3.0
 1996   12    1997.0     21   15.0 5.0 7.0 -10.0 -17.0 3.0 2.0 3.0 23.0 21.0 13.0 -1.0 -1.0 2.0 -14.0 14.0 -15.0 -5.0 1.0 -1.0 0.0
 1997   01  1997.0833    9    6.0 1.0 5.0 -14.0 -26.0 11.0 5.0 -31.0 -17.0
 1997   02  1997.1667    10   -12.0 4.0 -3.0 -42.0 -11.0 27.0 -36.0 -62.0 -13.0 42.0
 1997   03   1997.25     7    43.0 -14.0 36.0 -10.0 -7.0 -16.0 -22.0
 1997   04  1997.3333    14   10.0 -5.0 31.0 50.0 7.0 -1.0 -14.0 5.0 -14.0 -13.0 2.0 14.0 -20.0 6.0
 1997   05  1997.4167    25   8.0 9.0 -6.0 -8.0 2.0 3.0 -1.0 22.0 0.0 10.0 6.0 -4.0 -3.0 -4.0 2.0 -7.0 -12.0 -3.0 3.0 0.0 1.0 1.0 8.0 1.0 10.0
 1997   06    1997.5     25   6.0 -23.0 5.0 -8.0 2.0 15.0 6.0 18.0 0.0 7.0 21.0 -3.0 11.0 4.0 0.0 -6.0 3.0 -16.0 18.0 9.0 -2.0 -3.0 5.0 47.0 4.0
 1997   07  1997.5833    19   -15.0 24.0 -5.0 -12.0 16.0 -6.0 6.0 13.0 6.0 21.0 -6.0 -6.0 26.0 21.0 0.0 0.0 3.0 -3.0 -5.0
 1997   08  1997.6667    16   9.0 62.0 -6.0 7.0 11.0 0.0 -1.0 -14.0 3.0 6.0 -4.0 33.0 12.0 3.0 -9.0 -16.0
 1997   09   1997.75     30   -20.0 -11.0 -17.0 14.0 12.0 -2.0 -1.0 33.0 -3.0 11.0 -5.0 -5.0 -5.0 -24.0 -29.0 2.0 0.0 -43.0 -47.0 5.0 -71.0 -4.0 30.0 28.0 6.0 -3.0 -13.0 13.0 15.0 12.0
 1997   10  1997.8333    29   -7.0 -1.0 9.0 12.0 -55.0 3.0 -49.0 -24.0 12.0 -7.0 -12.0 6.0 -12.0 -5.0 -8.0 -2.0 32.0 -18.0 32.0 2.0 8.0 37.0 13.0 -3.0 6.0 32.0 -8.0 2.0 -8.0
 1997   11  1997.9167    30   -30.0 -37.0 -14.0 -36.0 -5.0 -4.0 32.0 -7.0 0.0 -13.0 38.0 11.0 -2.0 58.0 -2.0 11.0 50.0 15.0 5.0 2.0 -21.0 -13.0 28.0 5.0 21.0 23.0 11.0 3.0 -8.0 25.0
 1997   12    1998.0     18   6.0 9.0 5.0 47.0 -28.0 65.0 -8.0 -17.0 3.0 -3.0 10.0 -51.0 0.0 -84.0 9.0 -1.0 3.0 5.0
 1998   01  1998.0833    36   2.0 -1.0 -12.0 20.0 82.0 -7.0 39.0 13.0 -7.0 21.0 27.0 7.0 90.0 5.0 -2.0 -6.0 14.0 -17.0 8.0 -14.0 -17.0 10.0 -15.0 -4.0 46.0 -5.0 1.0 84.0 10.0 -13.0 -8.0 -2.0 18.0 -1.0 56.0 17.0
 1998   02  1998.1667    54   12.0 24.0 17.0 42.0 18.0 22.0 0.0 -32.0 19.0 15.0 12.0 28.0 -15.0 33.0 18.0 23.0 17.0 2.0 25.0 4.0 74.0 21.0 -27.0 -37.0 -16.0 16.0 10.0 -3.0 45.0 13.0 -18.0 -4.0 -3.0 -20.0 -4.0 -19.0 18.0 -1.0 27.0 -8.0 -3.0 -14.0 4.0 0.0 -19.0 19.0 55.0 31.0 16.0 -13.0 60.0 -10.0 -34.0 -1.0
 1998   03   1998.25     56   8.0 -2.0 -36.0 37.0 -14.0 -1.0 -3.0 -13.0 -16.0 -8.0 31.0 7.0 16.0 23.0 21.0 8.0 -11.0 -4.0 11.0 32.0 -32.0 -5.0 -57.0 7.0 43.0 1.0 -14.0 0.0 -28.0 2.0 16.0 27.0 41.0 -14.0 -20.0 -4.0 1.0 -8.0 3.0 -24.0 -10.0 0.0 -28.0 -3.0 2.0 -61.0 20.0 8.0 0.0 -74.0 8.0 28.0 11.0 -7.0 -68.0 44.0
 1998   04  1998.3333    61   -16.0 -73.0 -7.0 -9.0 -12.0 72.0 33.0 -9.0 -1.0 -15.0 -21.0 -16.0 -32.0 -18.0 -22.0 -6.0 12.0 20.0 16.0 11.0 60.0 -29.0 -7.0 51.0 -37.0 -18.0 -8.0 -23.0 22.0 -2.0 65.0 69.0 71.0 66.0 22.0 27.0 -34.0 21.0 -51.0 30.0 34.0 3.0 14.0 16.0 7.0 -2.0 38.0 22.0 -5.0 -40.0 26.0 4.0 38.0 -10.0 -5.0 20.0 0.0 1.0 -20.0 40.0 -7.0
 1998   05  1998.4167    76   -30.0 31.0 -7.0 -44.0 11.0 -29.0 19.0 -25.0 47.0 -9.0 4.0 2.0 39.0 35.0 3.0 17.0 -25.0 -22.0 -35.0 -12.0 -14.0 -15.0 -16.0 -8.0 -42.0 -4.0 -4.0 -28.0 -48.0 8.0 17.0 -60.0 -62.0 29.0 -61.0 -60.0 25.0 2.0 -63.0 -16.0 6.0 69.0 -3.0 46.0 0.0 32.0 29.0 -25.0 -2.0 -24.0 -8.0 68.0 24.0 -6.0 -5.0 -34.0 28.0 22.0 4.0 -85.0 -26.0 28.0 10.0 -59.0 -14.0 -20.0 4.0 17.0 77.0 -17.0 18.0 -12.0 26.0 9.0 -19.0 2.0
 1998   06    1998.5     81   -28.0 -25.0 40.0 22.0 0.0 -17.0 -19.0 -25.0 -26.0 -3.0 -5.0 45.0 20.0 -8.0 -8.0 23.0 -53.0 -65.0 -1.0 -9.0 3.0 34.0 31.0 -20.0 -20.0 31.0 -87.0 -17.0 7.0 -17.0 -19.0 -62.0 -29.0 27.0 -37.0 11.0 -9.0 -33.0 -41.0 -17.0 1.0 -39.0 24.0 43.0 19.0 0.0 23.0 -2.0 3.0 24.0 -82.0 10.0 -40.0 10.0 -4.0 21.0 -75.0 -16.0 -18.0 29.0 71.0 -46.0 6.0 28.0 -21.0 -49.0 -38.0 90.0 22.0 -21.0 -13.0 38.0 -79.0 -31.0 -21.0 24.0 -39.0 29.0 19.0 -23.0 -20.0
 1998   10  1998.8333    29   -86.0 30.0 6.0 28.0 21.0 2.0 14.0 -48.0 -5.0 -23.0 0.0 18.0 17.0 18.0 11.0 -31.0 50.0 -30.0 28.0 24.0 -28.0 -22.0 21.0 -6.0 73.0 -27.0 -36.0 -53.0 7.0
 1998   11  1998.9167    71   32.0 -18.0 2.0 -12.0 -26.0 39.0 -33.0 -27.0 22.0 -61.0 82.0 -88.0 -12.0 -17.0 16.0 -65.0 55.0 -8.0 -28.0 -69.0 -51.0 -26.0 -43.0 -1.0 24.0 26.0 -20.0 0.0 -4.0 51.0 -30.0 -6.0 -59.0 8.0 74.0 -3.0 -15.0 60.0 42.0 33.0 -25.0 -2.0 73.0 -9.0 35.0 21.0 -15.0 -22.0 51.0 -83.0 -49.0 27.0 -56.0 40.0 37.0 33.0 -25.0 45.0 -48.0 -62.0 13.0 -31.0 3.0 28.0 26.0 3.0 22.0 24.0 19.0 32.0 12.0
 1998   12    1999.0     45   28.0 -16.0 11.0 -55.0 42.0 0.0 -8.0 -49.0 -43.0 22.0 -6.0 -5.0 -28.0 57.0 -29.0 31.0 -12.0 -6.0 38.0 43.0 42.0 63.0 30.0 62.0 40.0 -76.0 0.0 6.0 -24.0 19.0 -54.0 -76.0 -43.0 -35.0 -7.0 29.0 59.0 -19.0 -82.0 28.0 27.0 46.0 7.0 28.0 -31.0
 1999   02  1999.1667    38   -67.0 -39.0 -50.0 38.0 -2.0 -17.0 -32.0 61.0 -89.0 -35.0 -8.0 -19.0 -7.0 1.0 30.0 -5.0 35.0 2.0 -2.0 44.0 -83.0 24.0 3.0 -25.0 -79.0 -15.0 -23.0 80.0 33.0 -42.0 -55.0 1.0 -21.0 -45.0 -39.0 -27.0 32.0 31.0
 1999   03   1999.25     77   18.0 -39.0 -70.0 -20.0 22.0 10.0 -32.0 -29.0 -12.0 -25.0 -17.0 -29.0 -32.0 -86.0 -56.0 -3.0 65.0 9.0 9.0 24.0 -37.0 36.0 -65.0 13.0 13.0 1.0 -79.0 78.0 -52.0 -15.0 1.0 -37.0 7.0 77.0 39.0 72.0 -2.0 -9.0 -15.0 -30.0 -25.0 3.0 7.0 82.0 -42.0 44.0 22.0 -17.0 30.0 -80.0 49.0 27.0 -17.0 -40.0 1.0 68.0 38.0 -62.0 -7.0 89.0 18.0 29.0 89.0 -52.0 -64.0 17.0 10.0 -25.0 72.0 44.0 85.0 -3.0 78.0 -58.0 17.0 89.0 -19.0
 1999   04  1999.3333    73   33.0 34.0 23.0 65.0 -1.0 18.0 21.0 0.0 -26.0 -72.0 -42.0 -2.0 16.0 -81.0 -29.0 3.0 25.0 10.0 11.0 -12.0 7.0 -17.0 -8.0 2.0 -22.0 22.0 -67.0 12.0 -23.0 13.0 78.0 -25.0 52.0 -27.0 15.0 -42.0 8.0 -19.0 41.0 66.0 -15.0 88.0 -57.0 1.0 -23.0 31.0 54.0 29.0 -29.0 -19.0 34.0 3.0 -26.0 -34.0 -16.0 71.0 -50.0 -27.0 24.0 55.0 48.0 58.0 -8.0 -57.0 56.0 -74.0 23.0 -3.0 72.0 85.0 -26.0 38.0 -15.0
 1999   05  1999.4167    67   36.0 36.0 26.0 -70.0 42.0 32.0 -26.0 43.0 18.0 0.0 46.0 5.0 10.0 85.0 16.0 15.0 11.0 25.0 44.0 14.0 21.0 26.0 9.0 26.0 -13.0 16.0 66.0 4.0 41.0 35.0 -36.0 57.0 23.0 4.0 59.0 33.0 64.0 43.0 43.0 69.0 -25.0 71.0 70.0 18.0 40.0 -11.0 -18.0 51.0 9.0 -13.0 -2.0 64.0 85.0 46.0 -16.0 51.0 52.0 -20.0 24.0 5.0 15.0 -13.0 9.0 34.0 13.0 -15.0 -18.0
 1999   06    1999.5     77   37.0 59.0 5.0 42.0 13.0 13.0 -21.0 19.0 -2.0 30.0 19.0 19.0 21.0 -11.0 31.0 24.0 22.0 -40.0 63.0 66.0 18.0 3.0 81.0 -1.0 18.0 -11.0 55.0 42.0 -6.0 -31.0 -29.0 -5.0 -70.0 -39.0 24.0 -31.0 -26.0 27.0 66.0 36.0 36.0 43.0 -25.0 8.0 8.0 41.0 14.0 -16.0 -22.0 38.0 46.0 -77.0 -25.0 28.0 -6.0 -14.0 74.0 77.0 -86.0 0.0 79.0 79.0 -22.0 -11.0 -33.0 -23.0 -48.0 66.0 -13.0 32.0 -6.0 35.0 -7.0 12.0 0.0 14.0 23.0
 1999   07  1999.5833    85   0.0 32.0 50.0 41.0 22.0 -25.0 45.0 51.0 -49.0 38.0 49.0 31.0 82.0 52.0 32.0 14.0 -57.0 22.0 3.0 77.0 63.0 33.0 75.0 8.0 11.0 39.0 -18.0 33.0 16.0 -8.0 -48.0 -29.0 11.0 -5.0 -49.0 69.0 -8.0 -34.0 -36.0 44.0 -2.0 85.0 -83.0 -19.0 47.0 34.0 31.0 21.0 3.0 -16.0 6.0 -3.0 47.0 15.0 41.0 20.0 9.0 15.0 33.0 15.0 54.0 -32.0 29.0 41.0 51.0 62.0 -16.0 40.0 -2.0 79.0 -11.0 -22.0 60.0 68.0 58.0 -25.0 68.0 7.0 -4.0 -51.0 77.0 85.0 -58.0 -48.0 57.0
 1999   08  1999.6667    73   18.0 65.0 67.0 -9.0 -45.0 72.0 -8.0 23.0 35.0 -12.0 -19.0 12.0 52.0 11.0 -10.0 41.0 15.0 -23.0 -26.0 16.0 27.0 3.0 -79.0 27.0 -73.0 26.0 52.0 14.0 82.0 -12.0 -21.0 17.0 -5.0 35.0 24.0 -8.0 -65.0 -32.0 -2.0 -72.0 54.0 29.0 36.0 -8.0 67.0 -66.0 7.0 76.0 6.0 -5.0 -18.0 -25.0 -14.0 39.0 75.0 -50.0 -11.0 76.0 1.0 -16.0 89.0 -31.0 20.0 21.0 38.0 19.0 -44.0 -30.0 19.0 71.0 29.0 81.0 90.0
 1999   09   1999.75     66   33.0 -48.0 -88.0 -86.0 12.0 -25.0 -19.0 -29.0 84.0 18.0 -25.0 65.0 33.0 -48.0 34.0 -26.0 75.0 -26.0 69.0 72.0 37.0 -24.0 55.0 1.0 79.0 64.0 74.0 77.0 48.0 75.0 64.0 73.0 72.0 41.0 90.0 78.0 31.0 34.0 -14.0 55.0 26.0 7.0 -9.0 47.0 23.0 41.0 39.0 84.0 44.0 40.0 54.0 32.0 36.0 -16.0 25.0 20.0 37.0 45.0 60.0 28.0 45.0 -29.0 -35.0 14.0 -8.0 -37.0
 1999   10  1999.8333    49   -33.0 -19.0 38.0 42.0 62.0 14.0 -35.0 9.0 86.0 -23.0 19.0 3.0 4.0 12.0 29.0 -21.0 -64.0 28.0 64.0 29.0 -43.0 3.0 -29.0 -25.0 13.0 -3.0 -9.0 -4.0 54.0 33.0 30.0 35.0 20.0 -58.0 35.0 19.0 23.0 -84.0 -8.0 53.0 -16.0 -14.0 0.0 6.0 -10.0 -9.0 43.0 15.0 71.0
 1999   11  1999.9167    43   -16.0 21.0 34.0 -21.0 18.0 4.0 8.0 -26.0 1.0 -7.0 6.0 -26.0 -2.0 -4.0 -9.0 -9.0 -9.0 7.0 36.0 9.0 15.0 88.0 -15.0 -79.0 -22.0 -55.0 34.0 -9.0 -85.0 11.0 -10.0 53.0 -56.0 2.0 -7.0 -42.0 0.0 -81.0 -38.0 -16.0 84.0 -28.0 -68.0
 1999   12    2000.0     38   -23.0 -30.0 -31.0 -12.0 -1.0 -25.0 -16.0 -86.0 83.0 27.0 88.0 -16.0 -50.0 10.0 10.0 23.0 52.0 -33.0 -62.0 79.0 -26.0 12.0 -53.0 -34.0 52.0 59.0 -87.0 84.0 -67.0 26.0 13.0 76.0 23.0 30.0 -23.0 -80.0 34.0 -48.0
 2000   01  2000.0833    76   69.0 -44.0 13.0 -77.0 -53.0 -17.0 -87.0 -73.0 11.0 -57.0 -31.0 -54.0 73.0 39.0 86.0 85.0 82.0 -40.0 -60.0 25.0 82.0 82.0 15.0 88.0 41.0 12.0 4.0 1.0 9.0 8.0 -8.0 -42.0 -46.0 38.0 15.0 -15.0 -7.0 -16.0 -1.0 -52.0 -76.0 6.0 86.0 -49.0 -46.0 -82.0 9.0 -35.0 -35.0 -35.0 -75.0 39.0 36.0 56.0 -29.0 -30.0 4.0 -81.0 -10.0 36.0 -83.0 -49.0 -58.0 20.0 -7.0 -78.0 -35.0 -57.0 -49.0 13.0 -44.0 64.0 -45.0 -24.0 -27.0 60.0
 2000   02  2000.1667   115   -72.0 20.0 -36.0 -57.0 -40.0 -86.0 -37.0 9.0 -16.0 -11.0 33.0 -35.0 -55.0 34.0 -38.0 42.0 30.0 -40.0 -38.0 -34.0 21.0 44.0 -2.0 -54.0 79.0 -45.0 -38.0 34.0 32.0 -85.0 51.0 40.0 68.0 18.0 -59.0 7.0 72.0 5.0 -30.0 32.0 -45.0 -31.0 69.0 3.0 -49.0 -38.0 80.0 -44.0 82.0 88.0 34.0 -12.0 46.0 -21.0 55.0 -69.0 20.0 -15.0 -18.0 -26.0 18.0 -15.0 -53.0 -56.0 2.0 -84.0 -86.0 -37.0 -42.0 16.0 -53.0 19.0 57.0 61.0 -19.0 -12.0 -10.0 6.0 -14.0 -52.0 3.0 53.0 18.0 4.0 -15.0 72.0 41.0 34.0 -75.0 -8.0 10.0 -41.0 47.0 -70.0 -79.0 65.0 2.0 15.0 -19.0 25.0 68.0 -17.0 87.0 -56.0 46.0 -83.0 39.0 -61.0 23.0 37.0 39.0 -46.0 28.0 -25.0 -89.0
 2000   03   2000.25    135   -55.0 -55.0 -39.0 -35.0 25.0 -64.0 -37.0 -5.0 -48.0 65.0 56.0 -47.0 57.0 -39.0 65.0 -30.0 -17.0 81.0 -45.0 -14.0 71.0 24.0 -36.0 7.0 -65.0 5.0 4.0 -35.0 -35.0 -43.0 -51.0 -38.0 -32.0 -39.0 -30.0 -50.0 -30.0 -51.0 -23.0 -41.0 -18.0 -58.0 -31.0 74.0 -30.0 -22.0 -38.0 -10.0 -14.0 -40.0 -68.0 -73.0 -4.0 -9.0 -82.0 29.0 -44.0 27.0 -38.0 -9.0 10.0 -22.0 -42.0 -26.0 81.0 -52.0 -79.0 -72.0 87.0 -18.0 -6.0 32.0 33.0 -40.0 14.0 -31.0 -34.0 -8.0 -40.0 -30.0 9.0 5.0 -88.0 17.0 -39.0 48.0 74.0 1.0 -35.0 -73.0 38.0 41.0 -22.0 43.0 4.0 34.0 42.0 53.0 3.0 53.0 61.0 -9.0 -4.0 -5.0 63.0 -15.0 -79.0 27.0 -36.0 31.0 29.0 -33.0 -39.0 29.0 22.0 63.0 16.0 -39.0 -26.0 76.0 -34.0 16.0 24.0 -78.0 9.0 -43.0 81.0 -46.0 76.0 -23.0 25.0 44.0 55.0 -88.0 -78.0
 2000   04  2000.3333   114   -61.0 -69.0 -69.0 80.0 -29.0 21.0 -61.0 -36.0 -22.0 -58.0 37.0 -30.0 40.0 16.0 -7.0 -58.0 21.0 -39.0 -27.0 29.0 12.0 11.0 8.0 18.0 -41.0 -45.0 -28.0 -34.0 -11.0 40.0 -28.0 -12.0 -66.0 -18.0 -75.0 54.0 -21.0 5.0 43.0 77.0 -35.0 -60.0 51.0 -33.0 -45.0 82.0 25.0 -57.0 -8.0 35.0 -43.0 -3.0 -40.0 -61.0 -42.0 -47.0 -33.0 -53.0 89.0 28.0 86.0 81.0 -75.0 79.0 15.0 -50.0 -34.0 28.0 2.0 49.0 25.0 -51.0 45.0 31.0 -25.0 25.0 30.0 6.0 5.0 0.0 11.0 21.0 -18.0 -33.0 72.0 27.0 -66.0 29.0 -35.0 -44.0 22.0 -57.0 -22.0 89.0 33.0 -6.0 -65.0 -4.0 -16.0 -50.0 28.0 64.0 -34.0 1.0 -85.0 -53.0 -86.0 -21.0 -24.0 -89.0 -1.0 -84.0 23.0 15.0
 2000   05  2000.4167   131   16.0 53.0 26.0 18.0 19.0 8.0 18.0 -38.0 -37.0 11.0 23.0 -2.0 -34.0 27.0 2.0 -8.0 -41.0 -31.0 -52.0 19.0 -35.0 -17.0 41.0 -26.0 -29.0 7.0 68.0 -19.0 51.0 -16.0 -31.0 -60.0 -16.0 -18.0 85.0 -25.0 -11.0 20.0 -49.0 -54.0 34.0 -25.0 -58.0 5.0 -41.0 7.0 -85.0 -86.0 -2.0 24.0 19.0 -65.0 -84.0 -53.0 33.0 -89.0 -76.0 -29.0 83.0 43.0 -24.0 34.0 -65.0 -51.0 12.0 30.0 -8.0 -13.0 62.0 48.0 -39.0 68.0 1.0 -37.0 -88.0 28.0 56.0 6.0 47.0 -49.0 -20.0 -79.0 -38.0 17.0 -69.0 34.0 -26.0 -44.0 -86.0 -39.0 16.0 -9.0 60.0 50.0 -15.0 88.0 36.0 69.0 38.0 7.0 31.0 29.0 -73.0 73.0 15.0 -31.0 76.0 87.0 26.0 -16.0 -49.0 -51.0 2.0 43.0 35.0 -19.0 39.0 21.0 -62.0 84.0 8.0 -20.0 16.0 -28.0 -69.0 51.0 41.0 44.0 -39.0 4.0 -79.0
 2000   06    2000.5    139   19.0 -50.0 -60.0 -43.0 1.0 69.0 3.0 21.0 27.0 -39.0 -52.0 25.0 -4.0 70.0 -11.0 88.0 -58.0 89.0 -9.0 73.0 84.0 10.0 84.0 43.0 83.0 -78.0 77.0 31.0 -12.0 -3.0 51.0 -87.0 16.0 44.0 -19.0 -23.0 -42.0 -81.0 21.0 -5.0 21.0 -10.0 17.0 52.0 31.0 -22.0 88.0 67.0 24.0 13.0 31.0 48.0 76.0 28.0 65.0 -86.0 45.0 -15.0 36.0 28.0 48.0 -13.0 -14.0 28.0 23.0 -7.0 37.0 43.0 -4.0 82.0 33.0 2.0 17.0 52.0 -65.0 -66.0 -10.0 12.0 25.0 21.0 -71.0 32.0 49.0 21.0 28.0 -31.0 12.0 -77.0 43.0 -11.0 -7.0 37.0 31.0 32.0 35.0 41.0 68.0 -77.0 12.0 -23.0 33.0 -13.0 17.0 -72.0 83.0 -31.0 0.0 46.0 -8.0 24.0 -51.0 -63.0 -42.0 40.0 75.0 81.0 70.0 51.0 -67.0 85.0 38.0 79.0 -52.0 65.0 18.0 13.0 -50.0 30.0 0.0 83.0 68.0 -84.0 80.0 42.0 1.0 83.0 83.0 -21.0 37.0
 2000   07  2000.5833   123   -37.0 14.0 -83.0 17.0 18.0 36.0 -20.0 -53.0 20.0 -69.0 4.0 19.0 6.0 -42.0 23.0 49.0 50.0 11.0 -89.0 -87.0 -16.0 30.0 27.0 49.0 -19.0 23.0 26.0 82.0 7.0 -1.0 13.0 -23.0 -20.0 60.0 18.0 10.0 16.0 74.0 84.0 -23.0 33.0 -81.0 84.0 51.0 -77.0 -79.0 -4.0 24.0 7.0 15.0 -9.0 44.0 74.0 66.0 -6.0 23.0 -34.0 -32.0 -16.0 -14.0 -6.0 -2.0 41.0 12.0 41.0 11.0 -84.0 26.0 -48.0 1.0 3.0 78.0 -5.0 -19.0 11.0 -68.0 9.0 -26.0 -38.0 -15.0 -5.0 8.0 -37.0 5.0 -62.0 -63.0 51.0 63.0 38.0 -11.0 86.0 -71.0 3.0 76.0 -23.0 -7.0 -50.0 -25.0 -12.0 10.0 67.0 43.0 -79.0 30.0 7.0 27.0 -73.0 39.0 -12.0 -11.0 -20.0 -12.0 34.0 62.0 55.0 37.0 -10.0 -65.0 16.0 19.0 88.0 41.0 -11.0
 2000   08  2000.6667    87   3.0 42.0 14.0 -7.0 15.0 44.0 32.0 32.0 -29.0 -83.0 -15.0 -36.0 -29.0 22.0 10.0 8.0 18.0 16.0 89.0 47.0 70.0 0.0 -5.0 -6.0 -68.0 81.0 -37.0 86.0 3.0 1.0 2.0 -17.0 15.0 13.0 -16.0 33.0 27.0 -84.0 -29.0 28.0 -23.0 -53.0 -16.0 34.0 -23.0 59.0 -55.0 -46.0 -37.0 -10.0 17.0 80.0 -40.0 11.0 -16.0 42.0 72.0 -50.0 -62.0 -10.0 3.0 37.0 22.0 -54.0 3.0 82.0 48.0 -89.0 79.0 -6.0 41.0 65.0 -1.0 79.0 68.0 4.0 40.0 23.0 -52.0 -38.0 31.0 77.0 -73.0 42.0 -61.0 -12.0 -48.0
 2000   09   2000.75     81   -52.0 -9.0 31.0 -27.0 82.0 90.0 -26.0 18.0 -60.0 -24.0 -79.0 -58.0 17.0 -63.0 57.0 24.0 87.0 4.0 -46.0 82.0 65.0 27.0 12.0 1.0 46.0 69.0 81.0 58.0 34.0 71.0 34.0 -36.0 -24.0 -50.0 39.0 -53.0 27.0 23.0 -72.0 -40.0 -43.0 -12.0 -1.0 -70.0 -2.0 -46.0 13.0 -79.0 41.0 66.0 45.0 42.0 62.0 19.0 33.0 80.0 26.0 89.0 35.0 -7.0 -76.0 12.0 83.0 88.0 73.0 -21.0 19.0 60.0 78.0 39.0 -31.0 -78.0 31.0 75.0 -21.0 -67.0 -31.0 -13.0 -37.0 31.0 -8.0
 2000   10  2000.8333    69   -4.0 -55.0 32.0 -70.0 -8.0 -36.0 25.0 39.0 -1.0 28.0 -82.0 -4.0 -16.0 20.0 -64.0 53.0 -12.0 -81.0 -68.0 11.0 12.0 13.0 -77.0 14.0 -8.0 -29.0 25.0 -87.0 -25.0 80.0 76.0 34.0 88.0 20.0 -20.0 -17.0 45.0 -16.0 -64.0 -79.0 -70.0 9.0 57.0 -56.0 8.0 55.0 15.0 -65.0 -5.0 -26.0 8.0 -26.0 -18.0 6.0 -13.0 37.0 -25.0 -64.0 -27.0 37.0 -9.0 12.0 22.0 51.0 -24.0 -32.0 45.0 -81.0 -59.0
 2000   11  2000.9167    75   67.0 -26.0 7.0 32.0 -19.0 31.0 -83.0 -57.0 88.0 -41.0 -32.0 -17.0 41.0 -70.0 -21.0 -19.0 7.0 72.0 -25.0 -18.0 -31.0 1.0 -23.0 -43.0 -13.0 -44.0 59.0 -13.0 31.0 -6.0 -17.0 29.0 35.0 -28.0 10.0 -66.0 15.0 -82.0 -26.0 -88.0 -86.0 -87.0 16.0 -58.0 -1.0 -32.0 23.0 24.0 -29.0 0.0 -29.0 38.0 -4.0 -42.0 80.0 -41.0 78.0 71.0 -34.0 66.0 -34.0 67.0 -55.0 35.0 34.0 79.0 30.0 75.0 -11.0 16.0 40.0 -77.0 -33.0 59.0 -58.0
 2000   12    2001.0     68   31.0 2.0 -40.0 -77.0 -3.0 32.0 -10.0 -7.0 53.0 3.0 -5.0 4.0 -7.0 19.0 20.0 62.0 -32.0 -66.0 -30.0 -76.0 -6.0 48.0 -83.0 -32.0 14.0 15.0 -9.0 -37.0 -41.0 23.0 39.0 41.0 -75.0 24.0 24.0 -2.0 18.0 -37.0 40.0 -13.0 11.0 -4.0 57.0 43.0 45.0 -6.0 33.0 38.0 -10.0 -25.0 -55.0 38.0 -51.0 24.0 38.0 -5.0 18.0 24.0 -43.0 -21.0 47.0 7.0 49.0 -20.0 -30.0 72.0 -31.0 -79.0
 2001   01  2001.0833    65   -11.0 -44.0 31.0 19.0 -78.0 54.0 -22.0 -21.0 -13.0 28.0 10.0 15.0 -71.0 -12.0 36.0 -60.0 18.0 56.0 3.0 -9.0 33.0 -21.0 18.0 -13.0 -12.0 11.0 -16.0 57.0 -79.0 55.0 -38.0 -78.0 16.0 12.0 -24.0 -27.0 15.0 -43.0 -34.0 -28.0 -78.0 4.0 -21.0 -89.0 56.0 -9.0 5.0 -74.0 32.0 6.0 35.0 40.0 43.0 0.0 20.0 -22.0 -59.0 2.0 -24.0 43.0 -63.0 13.0 15.0 -62.0 34.0
 2001   02  2001.1667    51   8.0 -67.0 18.0 -80.0 -60.0 28.0 23.0 4.0 -68.0 -5.0 20.0 43.0 37.0 27.0 33.0 -10.0 16.0 -56.0 22.0 -1.0 -41.0 36.0 64.0 68.0 -46.0 -13.0 -50.0 6.0 -14.0 23.0 -63.0 -13.0 -83.0 11.0 -4.0 -23.0 31.0 9.0 31.0 -40.0 -3.0 -38.0 -36.0 -24.0 25.0 9.0 9.0 -20.0 29.0 -30.0 -18.0
 2001   03   2001.25    120   22.0 -47.0 -8.0 44.0 73.0 8.0 30.0 36.0 36.0 -36.0 49.0 -66.0 44.0 77.0 3.0 -20.0 -26.0 70.0 -4.0 -8.0 56.0 -17.0 32.0 17.0 -6.0 -33.0 68.0 65.0 -3.0 -10.0 43.0 -72.0 -19.0 53.0 -20.0 49.0 -32.0 57.0 27.0 -5.0 45.0 -41.0 -34.0 -40.0 8.0 -26.0 -63.0 -38.0 53.0 -34.0 -37.0 -20.0 -64.0 -55.0 77.0 -6.0 -45.0 40.0 -57.0 -73.0 -57.0 -69.0 -13.0 -83.0 -31.0 83.0 -71.0 -58.0 28.0 -11.0 21.0 70.0 29.0 38.0 -4.0 -10.0 -29.0 0.0 -44.0 -14.0 5.0 2.0 -13.0 -33.0 -1.0 49.0 -3.0 -31.0 -15.0 -15.0 54.0 -11.0 -63.0 14.0 5.0 -70.0 -33.0 -61.0 34.0 -8.0 -69.0 -15.0 23.0 18.0 28.0 11.0 -27.0 -13.0 22.0 14.0 -52.0 -3.0 -37.0 -42.0 -8.0 -3.0 -36.0 -4.0 -28.0 21.0
 2001   04  2001.3333   101   -75.0 8.0 26.0 2.0 15.0 7.0 8.0 0.0 -7.0 -9.0 20.0 -18.0 -20.0 55.0 -40.0 -15.0 -15.0 6.0 18.0 4.0 13.0 15.0 13.0 19.0 4.0 57.0 -1.0 -75.0 -16.0 5.0 -44.0 90.0 -16.0 -69.0 -50.0 -2.0 54.0 -28.0 -27.0 11.0 -55.0 -72.0 20.0 -34.0 -6.0 -7.0 -61.0 73.0 -74.0 -3.0 60.0 -71.0 -25.0 -70.0 -64.0 32.0 -54.0 18.0 50.0 -27.0 21.0 -32.0 25.0 -1.0 -62.0 23.0 4.0 -80.0 -78.0 -80.0 72.0 -76.0 30.0 22.0 55.0 -41.0 -32.0 -42.0 -34.0 -25.0 -45.0 16.0 -83.0 26.0 9.0 -26.0 10.0 34.0 62.0 1.0 3.0 -7.0 -64.0 -70.0 29.0 -42.0 -16.0 -88.0 1.0 62.0 -2.0
 2001   05  2001.4167    99   2.0 14.0 -19.0 8.0 26.0 8.0 12.0 -74.0 -47.0 -79.0 -13.0 -10.0 34.0 -1.0 -85.0 -14.0 -2.0 10.0 -16.0 78.0 -56.0 16.0 -41.0 -85.0 -1.0 -24.0 46.0 -52.0 -18.0 -51.0 -25.0 -88.0 4.0 -73.0 89.0 -80.0 -82.0 -7.0 -52.0 89.0 16.0 -17.0 -45.0 -49.0 7.0 -54.0 -24.0 -21.0 0.0 30.0 55.0 27.0 -12.0 11.0 -42.0 10.0 -32.0 -56.0 37.0 -43.0 -30.0 58.0 47.0 -16.0 -10.0 16.0 7.0 19.0 84.0 -32.0 -2.0 -4.0 0.0 70.0 63.0 -84.0 -67.0 41.0 -1.0 -68.0 0.0 -3.0 -6.0 -5.0 -29.0 -2.0 3.0 20.0 24.0 5.0 1.0 -47.0 7.0 -24.0 4.0 -16.0 -28.0 6.0 -50.0
 2001   06    2001.5     84   27.0 1.0 -8.0 -1.0 28.0 16.0 59.0 -8.0 35.0 -7.0 -14.0 29.0 -1.0 -89.0 20.0 -27.0 11.0 -32.0 -89.0 -9.0 73.0 -18.0 14.0 -34.0 -31.0 38.0 13.0 -20.0 67.0 34.0 46.0 -35.0 -74.0 -31.0 -76.0 40.0 5.0 19.0 9.0 -21.0 -31.0 -30.0 -4.0 -63.0 41.0 -47.0 -85.0 11.0 15.0 13.0 24.0 -76.0 0.0 25.0 38.0 24.0 25.0 -53.0 22.0 -16.0 -2.0 14.0 19.0 -54.0 30.0 31.0 47.0 -28.0 -10.0 -39.0 -44.0 -35.0 -1.0 -78.0 -27.0 -27.0 0.0 18.0 -2.0 13.0 -20.0 -29.0 35.0 -5.0
 2001   07  2001.5833    68   88.0 -49.0 -38.0 -76.0 61.0 -44.0 11.0 -32.0 6.0 11.0 -14.0 16.0 -9.0 -49.0 35.0 25.0 -80.0 -8.0 -4.0 78.0 40.0 -30.0 9.0 -34.0 -7.0 -82.0 -89.0 -10.0 -71.0 -16.0 -18.0 -76.0 -83.0 -42.0 49.0 52.0 -47.0 29.0 -35.0 -27.0 -83.0 -5.0 -30.0 5.0 12.0 87.0 89.0 13.0 -21.0 -13.0 -12.0 3.0 -12.0 -21.0 -24.0 -13.0 22.0 -7.0 -28.0 31.0 -88.0 -16.0 -30.0 -17.0 -79.0 -32.0 12.0 -32.0
 2001   08  2001.6667   116   31.0 -25.0 -18.0 31.0 77.0 -16.0 -9.0 -22.0 -20.0 -11.0 78.0 -19.0 8.0 17.0 15.0 -68.0 -35.0 -11.0 45.0 2.0 42.0 -23.0 -52.0 43.0 40.0 32.0 -35.0 23.0 21.0 -6.0 -2.0 18.0 -70.0 30.0 69.0 13.0 56.0 62.0 36.0 63.0 -69.0 14.0 2.0 25.0 -30.0 -43.0 21.0 17.0 64.0 -78.0 16.0 -30.0 -9.0 -8.0 -71.0 60.0 -42.0 -3.0 -8.0 -65.0 76.0 -12.0 -31.0 -65.0 -18.0 -38.0 -33.0 -18.0 31.0 -16.0 -47.0 -31.0 79.0 18.0 27.0 -28.0 8.0 -65.0 -37.0 -43.0 -86.0 -39.0 -43.0 -36.0 -5.0 -6.0 17.0 30.0 4.0 7.0 -7.0 -45.0 -26.0 -44.0 -12.0 37.0 -3.0 -26.0 39.0 40.0 -15.0 -27.0 21.0 -3.0 6.0 1.0 -57.0 -39.0 -70.0 -49.0 -31.0 8.0 -11.0 7.0 -41.0 16.0
 2001   09   2001.75    110   31.0 -14.0 -37.0 -1.0 -36.0 -44.0 -38.0 -29.0 28.0 -9.0 -5.0 -59.0 -6.0 -9.0 -8.0 -53.0 -13.0 -53.0 -36.0 45.0 57.0 -8.0 -61.0 -37.0 6.0 5.0 24.0 25.0 15.0 -22.0 -40.0 24.0 42.0 -28.0 32.0 37.0 -34.0 42.0 -31.0 29.0 36.0 -33.0 54.0 -33.0 -44.0 4.0 -36.0 -12.0 -35.0 -49.0 -5.0 -48.0 -7.0 -39.0 85.0 -28.0 -41.0 -47.0 -42.0 -44.0 36.0 -65.0 -72.0 17.0 50.0 -18.0 -26.0 -9.0 68.0 53.0 16.0 -90.0 36.0 73.0 -3.0 44.0 -45.0 41.0 -24.0 68.0 -13.0 -41.0 -77.0 -77.0 7.0 28.0 15.0 23.0 64.0 56.0 22.0 5.0 -62.0 -44.0 -46.0 27.0 13.0 -44.0 -72.0 -16.0 -38.0 -71.0 81.0 -13.0 -24.0 -20.0 -40.0 -41.0 -39.0 39.0
 2001   10  2001.8333   115   61.0 -44.0 -62.0 11.0 -63.0 -28.0 34.0 -45.0 44.0 -28.0 -64.0 2.0 -73.0 -24.0 36.0 -24.0 -37.0 -20.0 -38.0 -57.0 -19.0 -51.0 4.0 -10.0 8.0 76.0 -6.0 -73.0 30.0 17.0 6.0 25.0 -21.0 24.0 -37.0 15.0 24.0 16.0 -47.0 7.0 -81.0 16.0 -9.0 25.0 14.0 84.0 50.0 56.0 -15.0 44.0 -69.0 -16.0 -14.0 0.0 3.0 56.0 -3.0 -34.0 -34.0 -8.0 -29.0 -27.0 2.0 36.0 33.0 -17.0 -9.0 -41.0 -4.0 -14.0 -17.0 -41.0 -57.0 -88.0 34.0 16.0 12.0 28.0 24.0 86.0 -20.0 42.0 -47.0 36.0 38.0 87.0 73.0 -44.0 31.0 84.0 34.0 -17.0 84.0 5.0 33.0 -10.0 31.0 63.0 -37.0 -14.0 17.0 26.0 45.0 65.0 58.0 22.0 43.0 48.0 -35.0 -23.0 13.0 14.0 39.0 -30.0 45.0
 2001   11  2001.9167    75   -20.0 53.0 -25.0 45.0 -59.0 37.0 -20.0 -22.0 -63.0 -37.0 5.0 -66.0 27.0 73.0 -15.0 -61.0 23.0 -32.0 -73.0 -40.0 -42.0 -3.0 33.0 2.0 90.0 58.0 73.0 12.0 30.0 38.0 -8.0 84.0 31.0 -35.0 74.0 6.0 25.0 32.0 9.0 26.0 23.0 14.0 39.0 44.0 24.0 -44.0 32.0 66.0 78.0 -73.0 -31.0 55.0 -37.0 -14.0 -22.0 -14.0 -40.0 -25.0 34.0 38.0 31.0 -56.0 39.0 46.0 3.0 -54.0 35.0 42.0 58.0 24.0 -32.0 -9.0 25.0 -53.0 -9.0
 2001   12    2002.0    122   55.0 -67.0 -73.0 -44.0 14.0 -8.0 -5.0 12.0 -77.0 -56.0 46.0 24.0 30.0 27.0 -76.0 -77.0 16.0 -48.0 71.0 -50.0 -28.0 57.0 -31.0 7.0 -27.0 -66.0 8.0 22.0 19.0 15.0 -10.0 63.0 15.0 32.0 -42.0 27.0 67.0 -7.0 -39.0 -36.0 53.0 -35.0 20.0 -55.0 -48.0 -2.0 -5.0 9.0 54.0 -79.0 -1.0 42.0 -52.0 -56.0 -5.0 -5.0 -16.0 -2.0 83.0 -6.0 -40.0 -84.0 25.0 56.0 -24.0 -20.0 -15.0 38.0 19.0 30.0 48.0 -23.0 -65.0 10.0 37.0 1.0 48.0 4.0 21.0 0.0 57.0 -3.0 -87.0 50.0 6.0 -11.0 15.0 -12.0 7.0 -10.0 3.0 -50.0 75.0 13.0 -37.0 11.0 -10.0 -6.0 22.0 -10.0 10.0 9.0 7.0 7.0 35.0 14.0 17.0 -28.0 0.0 -35.0 8.0 27.0 -55.0 36.0 10.0 16.0 -42.0 -21.0 -9.0 -5.0 21.0 19.0
 2002   01  2002.0833    82   40.0 25.0 44.0 -20.0 -2.0 20.0 33.0 11.0 41.0 -39.0 75.0 68.0 -38.0 8.0 -49.0 -34.0 31.0 -5.0 -31.0 -18.0 15.0 21.0 56.0 17.0 -32.0 41.0 35.0 19.0 -40.0 -60.0 51.0 27.0 15.0 -48.0 7.0 5.0 6.0 5.0 9.0 -50.0 7.0 37.0 6.0 6.0 8.0 10.0 67.0 -41.0 -56.0 82.0 11.0 -14.0 -35.0 48.0 65.0 3.0 -12.0 -46.0 45.0 19.0 27.0 12.0 -53.0 9.0 59.0 13.0 0.0 63.0 -28.0 63.0 -32.0 -29.0 43.0 64.0 -46.0 -51.0 -32.0 -60.0 71.0 -21.0 84.0 38.0
 2002   02  2002.1667    63   -15.0 80.0 21.0 -19.0 -8.0 32.0 0.0 -76.0 -14.0 -29.0 -30.0 25.0 -22.0 -66.0 -86.0 85.0 73.0 48.0 45.0 32.0 -20.0 -77.0 -4.0 -64.0 59.0 -50.0 45.0 -29.0 54.0 36.0 -39.0 47.0 36.0 48.0 10.0 29.0 -4.0 5.0 34.0 -32.0 23.0 -53.0 -45.0 -33.0 56.0 -10.0 51.0 -28.0 7.0 41.0 2.0 45.0 -16.0 -24.0 70.0 -8.0 -68.0 -57.0 -13.0 85.0 -17.0 24.0 -2.0
 2002   03   2002.25    110   -25.0 -27.0 -87.0 -15.0 67.0 -30.0 -24.0 -8.0 -34.0 42.0 -74.0 -11.0 71.0 33.0 64.0 -27.0 -44.0 -8.0 -47.0 -1.0 0.0 -55.0 -55.0 26.0 -2.0 -17.0 0.0 -45.0 -12.0 -39.0 57.0 -36.0 25.0 23.0 -52.0 -35.0 60.0 -3.0 -88.0 -22.0 -76.0 -22.0 64.0 -86.0 -42.0 -24.0 26.0 35.0 -16.0 18.0 -46.0 -27.0 -53.0 -66.0 16.0 -51.0 -69.0 -88.0 -59.0 -86.0 57.0 -58.0 -79.0 -28.0 -68.0 -38.0 17.0 35.0 -45.0 -41.0 -28.0 -21.0 -16.0 47.0 -27.0 -27.0 42.0 33.0 -22.0 -15.0 -10.0 30.0 -10.0 22.0 78.0 -30.0 -69.0 -45.0 -88.0 -38.0 85.0 -20.0 -26.0 78.0 -85.0 -43.0 40.0 -24.0 -31.0 -29.0 -54.0 -56.0 -42.0 -53.0 8.0 -59.0 -19.0 -64.0 -49.0 -87.0
 2002   04  2002.3333   137   -2.0 28.0 -49.0 44.0 48.0 -74.0 -7.0 -81.0 -43.0 -34.0 -58.0 -19.0 40.0 15.0 -10.0 45.0 -44.0 -18.0 -35.0 -41.0 -46.0 26.0 73.0 9.0 -16.0 -43.0 58.0 56.0 36.0 -41.0 39.0 -53.0 -37.0 -76.0 -50.0 -61.0 46.0 -59.0 46.0 -69.0 52.0 41.0 -5.0 23.0 -65.0 39.0 70.0 -72.0 74.0 83.0 -84.0 -36.0 -13.0 -83.0 -11.0 -8.0 66.0 -84.0 -22.0 -10.0 -33.0 -23.0 42.0 -58.0 58.0 53.0 54.0 -8.0 40.0 49.0 38.0 45.0 -28.0 -25.0 -8.0 -6.0 17.0 23.0 -55.0 48.0 -25.0 -5.0 -38.0 -8.0 -30.0 -72.0 25.0 72.0 -28.0 -23.0 19.0 87.0 -5.0 0.0 6.0 -47.0 -89.0 39.0 -61.0 -73.0 -85.0 -67.0 -63.0 -6.0 -64.0 -8.0 -61.0 -24.0 -72.0 43.0 -44.0 -82.0 -20.0 -73.0 -77.0 -86.0 -75.0 44.0 -61.0 -64.0 -26.0 -65.0 -63.0 -10.0 -8.0 -18.0 -5.0 -21.0 -23.0 -15.0 -32.0 -15.0 -14.0 -82.0 -8.0 -2.0 -16.0
 2002   05  2002.4167   116   -37.0 -1.0 55.0 35.0 -22.0 0.0 -29.0 -50.0 -17.0 43.0 -25.0 14.0 16.0 -58.0 51.0 75.0 20.0 -44.0 -22.0 40.0 2.0 -5.0 17.0 -19.0 37.0 -6.0 -56.0 57.0 -4.0 17.0 19.0 -2.0 -65.0 13.0 7.0 29.0 -10.0 -27.0 36.0 71.0 27.0 -29.0 -56.0 -20.0 -41.0 -42.0 85.0 20.0 -8.0 -40.0 -16.0 -55.0 -19.0 7.0 3.0 -2.0 -40.0 16.0 -41.0 -8.0 1.0 26.0 44.0 -5.0 -15.0 -3.0 -18.0 -3.0 -57.0 -6.0 -83.0 30.0 -55.0 15.0 29.0 1.0 -5.0 -34.0 -29.0 3.0 -41.0 -64.0 -28.0 -63.0 -30.0 -58.0 -51.0 40.0 -24.0 34.0 -40.0 0.0 -21.0 16.0 18.0 -55.0 -19.0 43.0 -33.0 -70.0 -64.0 41.0 -15.0 -17.0 -51.0 25.0 -8.0 -11.0 -38.0 -3.0 -41.0 19.0 1.0 -31.0 -51.0 31.0
 2002   06    2002.5     52   30.0 41.0 5.0 37.0 58.0 30.0 17.0 -57.0 35.0 -3.0 -52.0 25.0 -83.0 26.0 20.0 31.0 -25.0 -14.0 -52.0 -25.0 5.0 26.0 -43.0 -82.0 -12.0 -80.0 20.0 -79.0 32.0 31.0 -1.0 -7.0 -14.0 -72.0 -45.0 16.0 19.0 -21.0 7.0 -18.0 -6.0 -73.0 44.0 -14.0 -53.0 -54.0 -35.0 38.0 -84.0 -34.0 29.0 -40.0
 2002   07  2002.5833   121   2.0 -6.0 3.0 -70.0 14.0 7.0 -85.0 13.0 73.0 -40.0 -9.0 -58.0 -67.0 -32.0 -1.0 72.0 -22.0 -69.0 5.0 -40.0 -90.0 3.0 0.0 -23.0 -47.0 -52.0 -21.0 -51.0 -79.0 11.0 12.0 -71.0 -2.0 7.0 23.0 -11.0 36.0 51.0 34.0 -26.0 16.0 -16.0 16.0 -60.0 -33.0 -62.0 1.0 -19.0 45.0 -43.0 28.0 -21.0 17.0 -31.0 4.0 -57.0 45.0 36.0 35.0 -82.0 49.0 -73.0 20.0 76.0 43.0 81.0 -81.0 54.0 -64.0 -89.0 -19.0 -8.0 -46.0 12.0 8.0 -87.0 35.0 59.0 72.0 49.0 7.0 -38.0 6.0 -24.0 18.0 6.0 51.0 -44.0 7.0 38.0 7.0 2.0 16.0 -54.0 -28.0 -35.0 -20.0 -63.0 9.0 -69.0 -28.0 22.0 -29.0 -23.0 42.0 -6.0 21.0 -76.0 -66.0 -52.0 -48.0 77.0 81.0 -48.0 -63.0 -36.0 -47.0 18.0 49.0 -17.0 16.0
 2002   08  2002.6667   140   -58.0 90.0 -49.0 -20.0 -4.0 -18.0 2.0 -7.0 -11.0 -17.0 3.0 42.0 -37.0 -34.0 -29.0 -19.0 2.0 -58.0 -58.0 3.0 -9.0 28.0 52.0 -52.0 16.0 -20.0 35.0 -41.0 -64.0 50.0 30.0 -28.0 62.0 -21.0 53.0 -87.0 5.0 9.0 -13.0 -16.0 25.0 -39.0 40.0 -26.0 -54.0 68.0 27.0 -54.0 -10.0 -1.0 -29.0 31.0 -29.0 -13.0 23.0 -42.0 27.0 -60.0 -27.0 24.0 -43.0 -69.0 -56.0 -67.0 9.0 -49.0 -44.0 -68.0 -42.0 8.0 -26.0 -33.0 12.0 -16.0 -25.0 67.0 -13.0 -22.0 -24.0 -74.0 -10.0 -19.0 -75.0 -64.0 -51.0 -56.0 2.0 -41.0 -30.0 1.0 -68.0 -18.0 -13.0 -16.0 -18.0 90.0 16.0 15.0 -85.0 -19.0 -48.0 -8.0 -23.0 -5.0 -73.0 -13.0 -3.0 -76.0 4.0 23.0 -34.0 6.0 -70.0 -50.0 4.0 53.0 -5.0 -11.0 25.0 8.0 -16.0 -44.0 -24.0 5.0 -4.0 21.0 48.0 -11.0 13.0 9.0 -8.0 33.0 -16.0 -13.0 17.0 24.0 -43.0 18.0 -29.0 12.0
 2002   09   2002.75    114   -20.0 -7.0 29.0 -57.0 -1.0 48.0 -2.0 -11.0 -49.0 -2.0 6.0 3.0 -21.0 5.0 23.0 8.0 9.0 11.0 -71.0 4.0 -17.0 49.0 54.0 6.0 -46.0 -58.0 -27.0 -9.0 20.0 14.0 69.0 -47.0 -19.0 -18.0 -57.0 -33.0 22.0 29.0 -36.0 -37.0 69.0 -76.0 32.0 -63.0 45.0 38.0 -86.0 -6.0 -46.0 21.0 -36.0 -42.0 28.0 15.0 31.0 17.0 6.0 -34.0 10.0 4.0 3.0 16.0 -14.0 -60.0 -31.0 -19.0 -53.0 -16.0 -74.0 -12.0 -74.0 25.0 -64.0 9.0 -87.0 -30.0 44.0 -75.0 -57.0 17.0 -59.0 -59.0 -31.0 -51.0 7.0 72.0 -18.0 26.0 30.0 40.0 87.0 -43.0 11.0 -39.0 31.0 -66.0 -47.0 -50.0 26.0 -41.0 29.0 6.0 20.0 2.0 -19.0 -85.0 -9.0 35.0 -3.0 -56.0 36.0 11.0 0.0 41.0
 2002   10  2002.8333   119   26.0 -29.0 -71.0 -58.0 -83.0 -80.0 -28.0 -24.0 -41.0 -26.0 -54.0 -11.0 44.0 -64.0 50.0 9.0 -51.0 2.0 -9.0 36.0 -19.0 -1.0 -2.0 -32.0 -28.0 26.0 -51.0 82.0 -30.0 48.0 -42.0 -2.0 35.0 -81.0 -59.0 24.0 -68.0 -17.0 -24.0 -86.0 -16.0 62.0 2.0 -77.0 -72.0 58.0 -4.0 24.0 -23.0 46.0 55.0 -26.0 -51.0 -22.0 -23.0 46.0 -19.0 -21.0 -1.0 -48.0 -4.0 6.0 28.0 -28.0 36.0 -27.0 3.0 21.0 -88.0 -90.0 -52.0 50.0 61.0 -87.0 30.0 -66.0 -54.0 -35.0 47.0 66.0 -73.0 29.0 23.0 -80.0 25.0 -30.0 28.0 32.0 21.0 15.0 -28.0 26.0 68.0 35.0 -78.0 68.0 14.0 15.0 34.0 7.0 -21.0 33.0 13.0 9.0 32.0 -33.0 26.0 -31.0 16.0 -62.0 20.0 24.0 3.0 -19.0 2.0 49.0 -28.0 -6.0 34.0
 2002   11  2002.9167   107   -33.0 -48.0 35.0 -42.0 -22.0 69.0 -32.0 22.0 -39.0 33.0 -39.0 -8.0 11.0 -30.0 -37.0 -43.0 -48.0 -53.0 74.0 65.0 73.0 26.0 57.0 -72.0 54.0 -52.0 -36.0 31.0 16.0 -20.0 -73.0 28.0 -74.0 -20.0 31.0 -10.0 -67.0 -15.0 30.0 42.0 -63.0 -53.0 -15.0 -72.0 19.0 -58.0 -44.0 -42.0 51.0 31.0 21.0 -39.0 17.0 -26.0 -31.0 -33.0 -11.0 -75.0 10.0 -30.0 -32.0 -27.0 5.0 -55.0 -43.0 66.0 60.0 -54.0 -52.0 64.0 14.0 -61.0 -82.0 -75.0 29.0 -45.0 -42.0 29.0 -55.0 -43.0 -16.0 -12.0 -4.0 -64.0 -14.0 -45.0 -22.0 67.0 37.0 28.0 27.0 1.0 49.0 -12.0 -25.0 59.0 55.0 -83.0 61.0 -90.0 9.0 57.0 -19.0 72.0 74.0 16.0 -44.0
 2002   12    2003.0     53   10.0 -24.0 10.0 -9.0 22.0 -21.0 21.0 49.0 59.0 69.0 -12.0 41.0 27.0 43.0 -6.0 27.0 2.0 17.0 -89.0 -45.0 43.0 2.0 -51.0 78.0 -22.0 -20.0 35.0 -59.0 -25.0 -26.0 -10.0 88.0 58.0 -14.0 -33.0 -2.0 -36.0 -61.0 -15.0 10.0 -13.0 27.0 34.0 35.0 -27.0 -41.0 11.0 -25.0 2.0 9.0 -65.0 -17.0 43.0
 2003   01  2003.0833    74   -65.0 -17.0 88.0 60.0 -3.0 -4.0 13.0 81.0 4.0 39.0 9.0 -30.0 83.0 -47.0 -37.0 -33.0 -38.0 16.0 -77.0 26.0 29.0 -15.0 24.0 35.0 29.0 25.0 20.0 24.0 -48.0 11.0 3.0 -19.0 3.0 1.0 57.0 22.0 -81.0 -26.0 57.0 -26.0 -25.0 86.0 57.0 46.0 45.0 32.0 82.0 79.0 61.0 -27.0 -39.0 31.0 68.0 21.0 2.0 -22.0 49.0 -38.0 37.0 -15.0 -31.0 -69.0 -21.0 16.0 42.0 10.0 42.0 -65.0 73.0 88.0 -32.0 63.0 62.0 13.0
 2003   02  2003.1667    44   13.0 -36.0 -51.0 -44.0 18.0 -28.0 40.0 -55.0 23.0 53.0 21.0 19.0 17.0 -13.0 9.0 12.0 -3.0 -11.0 3.0 -14.0 -11.0 -3.0 45.0 -4.0 -14.0 -21.0 6.0 14.0 9.0 74.0 -53.0 42.0 71.0 -33.0 13.0 -77.0 35.0 -68.0 -4.0 8.0 1.0 84.0 35.0 -48.0
 2003   03   2003.25     62   12.0 13.0 13.0 -10.0 -30.0 -24.0 -56.0 3.0 27.0 15.0 32.0 60.0 26.0 13.0 -18.0 85.0 34.0 -38.0 -36.0 27.0 50.0 -45.0 -34.0 -78.0 21.0 -4.0 -7.0 -66.0 1.0 -48.0 19.0 -7.0 -2.0 -6.0 -50.0 -1.0 -5.0 -56.0 -3.0 -6.0 -18.0 8.0 -4.0 -50.0 36.0 -7.0 -26.0 -32.0 34.0 -70.0 12.0 87.0 90.0 -42.0 -56.0 40.0 41.0 46.0 45.0 -37.0 19.0 75.0
 2003   04  2003.3333    89   29.0 -88.0 33.0 42.0 24.0 -41.0 35.0 -54.0 28.0 15.0 -43.0 -5.0 17.0 -11.0 -8.0 -14.0 21.0 -74.0 28.0 -66.0 -15.0 -63.0 -52.0 13.0 -54.0 5.0 3.0 2.0 10.0 -5.0 7.0 17.0 16.0 10.0 -13.0 -1.0 -71.0 5.0 23.0 -30.0 63.0 40.0 2.0 31.0 -26.0 3.0 -38.0 -56.0 33.0 -38.0 -50.0 -82.0 -47.0 -24.0 -30.0 -28.0 -71.0 33.0 -29.0 -53.0 -31.0 24.0 -3.0 26.0 81.0 3.0 79.0 1.0 20.0 73.0 47.0 17.0 9.0 45.0 -24.0 26.0 28.0 21.0 23.0 42.0 -31.0 3.0 40.0 30.0 35.0 -38.0 -39.0 28.0 -33.0
 2003   05  2003.4167    64   -22.0 -43.0 -49.0 -48.0 -42.0 83.0 -53.0 -50.0 -30.0 29.0 24.0 44.0 74.0 -34.0 62.0 -90.0 58.0 33.0 39.0 -80.0 33.0 3.0 -52.0 35.0 27.0 31.0 28.0 -63.0 36.0 30.0 -48.0 28.0 67.0 -52.0 7.0 8.0 7.0 61.0 44.0 -43.0 -90.0 -6.0 -27.0 -72.0 -61.0 48.0 -64.0 -5.0 80.0 0.0 -38.0 8.0 -25.0 30.0 -1.0 88.0 -55.0 -58.0 -23.0 43.0 -72.0 36.0 -5.0 27.0
 2003   06    2003.5     36   21.0 3.0 47.0 -5.0 -9.0 -10.0 19.0 -86.0 5.0 18.0 31.0 -17.0 19.0 36.0 -40.0 37.0 84.0 28.0 22.0 56.0 40.0 78.0 -20.0 58.0 18.0 -15.0 64.0 0.0 -6.0 25.0 -4.0 12.0 9.0 17.0 24.0 -13.0
 2003   07  2003.5833    40   15.0 9.0 19.0 9.0 -14.0 -74.0 25.0 82.0 37.0 -23.0 20.0 50.0 -5.0 68.0 76.0 -51.0 9.0 40.0 -41.0 75.0 57.0 64.0 16.0 18.0 31.0 73.0 -1.0 -32.0 48.0 -82.0 -57.0 12.0 16.0 -4.0 -4.0 2.0 32.0 -40.0 29.0 -35.0
 2003   08  2003.6667    61   52.0 -56.0 17.0 -56.0 -21.0 0.0 -21.0 26.0 62.0 66.0 -53.0 -87.0 81.0 -32.0 51.0 -9.0 38.0 76.0 -63.0 0.0 86.0 -10.0 -8.0 -39.0 -33.0 32.0 -24.0 -49.0 -10.0 13.0 11.0 12.0 -11.0 18.0 -8.0 13.0 22.0 -11.0 25.0 -33.0 -32.0 15.0 -16.0 15.0 7.0 16.0 6.0 29.0 -23.0 6.0 5.0 7.0 33.0 4.0 2.0 37.0 -19.0 -30.0 -4.0 16.0 -22.0
 2003   09   2003.75     51   24.0 -5.0 39.0 -76.0 16.0 57.0 36.0 -43.0 -25.0 -47.0 -19.0 -41.0 -43.0 -76.0 36.0 -49.0 -66.0 -1.0 -11.0 -38.0 -57.0 -6.0 4.0 -66.0 60.0 -67.0 -66.0 -32.0 -16.0 -12.0 10.0 41.0 84.0 14.0 41.0 -17.0 79.0 76.0 -28.0 58.0 64.0 -78.0 61.0 5.0 -37.0 1.0 -49.0 63.0 -64.0 -30.0 18.0
 2003   10  2003.8333    87   24.0 -12.0 9.0 86.0 2.0 -26.0 -25.0 3.0 22.0 3.0 15.0 6.0 21.0 18.0 16.0 -9.0 32.0 30.0 26.0 53.0 14.0 67.0 -39.0 -16.0 19.0 14.0 54.0 -37.0 13.0 -80.0 -8.0 35.0 33.0 25.0 17.0 6.0 38.0 17.0 21.0 19.0 9.0 -82.0 -21.0 -8.0 37.0 6.0 56.0 -29.0 -10.0 -18.0 0.0 -9.0 -14.0 16.0 5.0 2.0 -3.0 -12.0 2.0 37.0 -12.0 -13.0 -23.0 -32.0 -22.0 -37.0 62.0 -14.0 -3.0 -18.0 74.0 5.0 0.0 33.0 -40.0 -5.0 47.0 42.0 10.0 29.0 -24.0 2.0 -34.0 33.0 -47.0 -30.0 0.0
 2003   11  2003.9167    47   -7.0 48.0 -16.0 -46.0 34.0 23.0 -19.0 -7.0 -73.0 -12.0 -23.0 -32.0 20.0 -38.0 35.0 -35.0 -28.0 3.0 -24.0 -13.0 41.0 -40.0 12.0 -25.0 -15.0 18.0 -13.0 -54.0 -5.0 37.0 -64.0 -49.0 -28.0 17.0 -25.0 22.0 -16.0 -21.0 -28.0 -16.0 39.0 27.0 -42.0 40.0 -32.0 -56.0 -40.0
 2003   12    2004.0     37   -34.0 23.0 -39.0 -9.0 24.0 -75.0 -7.0 -4.0 0.0 -50.0 -3.0 -42.0 89.0 50.0 75.0 -84.0 -88.0 37.0 -45.0 -74.0 9.0 -11.0 7.0 -13.0 -29.0 -11.0 -25.0 -5.0 51.0 41.0 -21.0 -41.0 29.0 -23.0 -5.0 -72.0 34.0
 2004   01  2004.0833    61   7.0 13.0 -21.0 -15.0 -29.0 20.0 -34.0 -15.0 -32.0 2.0 12.0 -28.0 9.0 -79.0 20.0 7.0 -7.0 30.0 -45.0 19.0 13.0 20.0 26.0 -2.0 -62.0 61.0 -19.0 -15.0 -87.0 -49.0 34.0 -31.0 19.0 6.0 -6.0 -83.0 -42.0 13.0 -18.0 -2.0 1.0 9.0 5.0 -4.0 -3.0 5.0 -39.0 -1.0 25.0 -13.0 -75.0 46.0 -12.0 -10.0 -51.0 -8.0 18.0 -18.0 -20.0 54.0 -31.0
 2004   02  2004.1667    33   35.0 4.0 8.0 -6.0 -20.0 87.0 -7.0 75.0 -2.0 73.0 -69.0 -5.0 4.0 -39.0 80.0 -35.0 72.0 -17.0 -20.0 9.0 -14.0 -41.0 -46.0 -4.0 7.0 17.0 0.0 -18.0 39.0 -17.0 -29.0 -1.0 -55.0
 2004   03   2004.25     42   -12.0 -45.0 59.0 -3.0 83.0 -14.0 -58.0 -31.0 -47.0 -25.0 -31.0 23.0 47.0 -33.0 -21.0 -36.0 46.0 -23.0 -10.0 35.0 39.0 23.0 28.0 26.0 -35.0 38.0 -32.0 -33.0 -29.0 -74.0 62.0 89.0 62.0 29.0 -46.0 -9.0 -10.0 -23.0 -39.0 -42.0 -29.0 -30.0
 2004   04  2004.3333    46   31.0 -38.0 -32.0 -45.0 -38.0 -41.0 -41.0 -22.0 -34.0 -21.0 -23.0 9.0 2.0 -1.0 -72.0 -1.0 35.0 -43.0 -43.0 77.0 -29.0 -53.0 -48.0 30.0 -67.0 -43.0 -22.0 -8.0 35.0 -10.0 32.0 39.0 -57.0 -41.0 -68.0 69.0 -39.0 42.0 -37.0 -42.0 38.0 50.0 -47.0 -4.0 26.0 47.0
 2004   05  2004.4167    61   -27.0 -52.0 47.0 -37.0 -44.0 -10.0 40.0 -23.0 -5.0 -17.0 -22.0 -7.0 43.0 -2.0 -90.0 -19.0 -32.0 -19.0 -38.0 -38.0 -25.0 70.0 -4.0 -9.0 3.0 0.0 1.0 0.0 1.0 -22.0 -22.0 -45.0 -25.0 -43.0 4.0 -26.0 -21.0 -9.0 -27.0 -24.0 -21.0 -3.0 -3.0 -6.0 -36.0 61.0 45.0 63.0 -19.0 -10.0 15.0 84.0 60.0 -44.0 -16.0 14.0 -21.0 43.0 -71.0 5.0 31.0
 2004   06    2004.5     47   30.0 30.0 -14.0 37.0 2.0 17.0 -14.0 27.0 -4.0 4.0 -86.0 33.0 43.0 39.0 -39.0 -18.0 90.0 27.0 86.0 22.0 21.0 18.0 44.0 17.0 59.0 33.0 0.0 17.0 -20.0 22.0 -32.0 48.0 41.0 18.0 79.0 -20.0 5.0 -28.0 -9.0 9.0 20.0 -48.0 21.0 -34.0 43.0 -23.0 22.0
 2004   07  2004.5833    76   2.0 -2.0 -24.0 26.0 -31.0 9.0 4.0 5.0 -28.0 -38.0 77.0 -54.0 1.0 -73.0 24.0 26.0 25.0 -49.0 13.0 -2.0 -7.0 0.0 53.0 -16.0 12.0 -34.0 43.0 -17.0 23.0 35.0 -36.0 63.0 11.0 16.0 -42.0 8.0 22.0 -39.0 -6.0 -11.0 16.0 6.0 4.0 3.0 -59.0 -75.0 -86.0 24.0 -77.0 -81.0 -76.0 -15.0 -10.0 -61.0 30.0 -6.0 -17.0 28.0 -53.0 -25.0 -42.0 -53.0 -37.0 60.0 -34.0 -42.0 23.0 -24.0 -49.0 -47.0 -44.0 -36.0 -42.0 -24.0 88.0 -11.0
 2004   08  2004.6667    45   -49.0 13.0 12.0 12.0 21.0 25.0 -2.0 23.0 -4.0 -12.0 -86.0 21.0 62.0 16.0 -74.0 -61.0 -48.0 -59.0 -36.0 -25.0 32.0 -26.0 -1.0 -12.0 1.0 -28.0 5.0 -13.0 29.0 36.0 27.0 -1.0 -13.0 -4.0 -8.0 7.0 -64.0 46.0 -9.0 4.0 -1.0 -5.0 12.0 2.0 -2.0
 2004   09   2004.75     30   -10.0 -25.0 23.0 3.0 40.0 5.0 -2.0 -13.0 -22.0 -88.0 -7.0 -46.0 -20.0 -11.0 8.0 6.0 -13.0 -17.0 -13.0 -24.0 42.0 -12.0 -45.0 -39.0 -51.0 -60.0 4.0 13.0 -13.0 18.0
 2004   10  2004.8333    75   -11.0 -43.0 32.0 -6.0 50.0 -11.0 -4.0 57.0 36.0 -6.0 -60.0 -81.0 -18.0 -15.0 28.0 -28.0 32.0 16.0 10.0 -14.0 6.0 42.0 3.0 76.0 37.0 -14.0 -24.0 -3.0 71.0 47.0 -7.0 -49.0 58.0 57.0 5.0 61.0 4.0 22.0 20.0 8.0 29.0 -37.0 19.0 34.0 25.0 25.0 30.0 -7.0 44.0 -9.0 39.0 76.0 64.0 34.0 -14.0 13.0 17.0 -10.0 16.0 -2.0 8.0 7.0 30.0 -25.0 38.0 -23.0 -18.0 -5.0 -15.0 39.0 -21.0 -19.0 -22.0 -8.0 -10.0
 2004   11  2004.9167    59   -28.0 -4.0 -8.0 -1.0 -5.0 -1.0 -48.0 68.0 -3.0 -6.0 -8.0 52.0 60.0 55.0 16.0 -28.0 24.0 -22.0 -19.0 -32.0 -12.0 13.0 -27.0 -29.0 3.0 -63.0 8.0 70.0 -33.0 1.0 25.0 -12.0 9.0 -5.0 -24.0 -21.0 -5.0 -2.0 -7.0 -26.0 82.0 -11.0 27.0 -2.0 42.0 44.0 42.0 -4.0 -8.0 -8.0 36.0 3.0 25.0 15.0 2.0 39.0 58.0 45.0 55.0
 2004   12    2005.0     52   90.0 61.0 82.0 -4.0 4.0 -41.0 42.0 31.0 10.0 -54.0 -7.0 -48.0 33.0 2.0 -43.0 50.0 -18.0 -30.0 21.0 16.0 -67.0 13.0 -30.0 -27.0 23.0 -15.0 -21.0 -34.0 -46.0 -42.0 -12.0 -23.0 -35.0 -44.0 -35.0 -43.0 15.0 -28.0 -35.0 -48.0 -43.0 -13.0 -15.0 -43.0 -31.0 19.0 -26.0 18.0 3.0 29.0 7.0 -42.0
 2005   01  2005.0833    74   -2.0 -15.0 79.0 -3.0 -70.0 0.0 -3.0 18.0 -77.0 56.0 16.0 -4.0 19.0 20.0 -51.0 79.0 36.0 62.0 -43.0 -22.0 -4.0 -44.0 55.0 2.0 79.0 70.0 8.0 8.0 35.0 -55.0 -27.0 -48.0 47.0 -24.0 46.0 50.0 33.0 -16.0 43.0 -33.0 31.0 22.0 25.0 22.0 -12.0 -23.0 23.0 65.0 6.0 38.0 6.0 9.0 -21.0 -12.0 -55.0 -25.0 23.0 -22.0 -19.0 -30.0 -25.0 -21.0 -29.0 -24.0 -7.0 -40.0 30.0 -4.0 3.0 7.0 -72.0 -62.0 -24.0 2.0
 2005   02  2005.1667    34   -8.0 25.0 -82.0 5.0 2.0 -62.0 -4.0 56.0 -36.0 8.0 32.0 6.0 -25.0 -9.0 -18.0 -17.0 -31.0 -61.0 4.0 -36.0 0.0 -11.0 -3.0 -9.0 28.0 -90.0 -37.0 11.0 2.0 -29.0 -22.0 -24.0 -25.0 -80.0
 2005   03   2005.25     37   -73.0 33.0 -57.0 27.0 15.0 -6.0 -24.0 -18.0 -7.0 9.0 -40.0 -15.0 -49.0 -3.0 66.0 4.0 -10.0 33.0 -29.0 33.0 -1.0 -46.0 -11.0 -39.0 -14.0 -48.0 -28.0 -16.0 -13.0 6.0 31.0 58.0 -16.0 -46.0 17.0 14.0 -48.0
 2005   04  2005.3333    58   -66.0 24.0 -64.0 48.0 54.0 -14.0 77.0 -31.0 15.0 -19.0 -1.0 -1.0 -36.0 -10.0 16.0 -18.0 -25.0 -34.0 -79.0 -26.0 -9.0 -28.0 1.0 -36.0 -24.0 -6.0 -4.0 -3.0 -5.0 -10.0 -9.0 -7.0 -18.0 68.0 16.0 7.0 -31.0 -10.0 36.0 63.0 -9.0 27.0 -30.0 -31.0 -70.0 -34.0 -53.0 -54.0 -54.0 -7.0 -30.0 -44.0 -62.0 -24.0 5.0 -19.0 -16.0 -9.0
 2005   05  2005.4167    70   35.0 -1.0 20.0 14.0 46.0 -15.0 8.0 -12.0 49.0 -18.0 55.0 -19.0 22.0 10.0 -15.0 7.0 -17.0 -14.0 -15.0 -18.0 -28.0 17.0 15.0 13.0 17.0 14.0 -1.0 6.0 -48.0 16.0 3.0 12.0 -34.0 20.0 -9.0 61.0 -14.0 -18.0 -54.0 -18.0 13.0 4.0 35.0 -37.0 -67.0 -18.0 -37.0 -54.0 -34.0 -60.0 -22.0 -14.0 34.0 -15.0 -28.0 -17.0 -17.0 24.0 31.0 -24.0 -30.0 6.0 8.0 9.0 6.0 82.0 -21.0 19.0 29.0 -24.0
 2005   06    2005.5     48   -6.0 6.0 -15.0 6.0 3.0 -10.0 -6.0 -36.0 33.0 -11.0 -11.0 6.0 14.0 -21.0 -41.0 -7.0 6.0 25.0 40.0 -46.0 27.0 -34.0 28.0 -32.0 7.0 6.0 17.0 -16.0 -29.0 19.0 7.0 1.0 15.0 -31.0 9.0 4.0 11.0 -13.0 3.0 8.0 12.0 14.0 14.0 76.0 -7.0 19.0 7.0 13.0
 2005   07  2005.5833    93   -9.0 0.0 -43.0 -42.0 45.0 15.0 33.0 30.0 9.0 20.0 -29.0 0.0 86.0 -6.0 -28.0 30.0 -19.0 -22.0 -11.0 -52.0 15.0 1.0 20.0 11.0 -13.0 14.0 3.0 15.0 5.0 10.0 -8.0 22.0 12.0 18.0 5.0 -10.0 -18.0 12.0 -4.0 10.0 8.0 -1.0 -13.0 -24.0 -21.0 10.0 20.0 12.0 -14.0 19.0 -17.0 -4.0 19.0 -19.0 13.0 8.0 -5.0 13.0 23.0 -31.0 32.0 6.0 -26.0 3.0 1.0 74.0 82.0 20.0 13.0 33.0 36.0 17.0 -12.0 29.0 27.0 53.0 -21.0 1.0 -24.0 8.0 30.0 25.0 4.0 11.0 18.0 9.0 3.0 -58.0 -17.0 15.0 16.0 -19.0 7.0
 2005   08  2005.6667    78   7.0 18.0 -18.0 1.0 -9.0 -1.0 -6.0 -8.0 31.0 -14.0 -25.0 -8.0 41.0 -5.0 67.0 52.0 25.0 14.0 -17.0 65.0 17.0 12.0 -10.0 5.0 -5.0 8.0 -9.0 18.0 -19.0 -18.0 59.0 -27.0 -32.0 -28.0 -27.0 -25.0 60.0 71.0 52.0 -8.0 35.0 70.0 -12.0 -16.0 30.0 -3.0 42.0 -30.0 21.0 0.0 15.0 22.0 15.0 -1.0 -25.0 15.0 -4.0 18.0 8.0 18.0 11.0 -10.0 -10.0 7.0 6.0 -3.0 15.0 -9.0 -5.0 1.0 10.0 -5.0 -14.0 -5.0 -64.0 66.0 39.0 19.0
 2005   09   2005.75     52   -49.0 -78.0 26.0 -31.0 -20.0 -21.0 -21.0 -6.0 5.0 -39.0 -40.0 -11.0 11.0 29.0 33.0 16.0 14.0 19.0 21.0 27.0 -18.0 -4.0 19.0 -23.0 5.0 -59.0 -52.0 -54.0 54.0 -80.0 -85.0 -84.0 54.0 -70.0 -15.0 7.0 -24.0 30.0 -41.0 -9.0 -13.0 -8.0 7.0 6.0 32.0 58.0 7.0 18.0 -8.0 -20.0 48.0 35.0
 2005   10  2005.8333    43   -41.0 8.0 -3.0 12.0 -36.0 4.0 -62.0 -60.0 -33.0 -20.0 40.0 -33.0 16.0 1.0 -51.0 -1.0 5.0 -23.0 20.0 -32.0 -47.0 -16.0 1.0 -42.0 42.0 -45.0 11.0 45.0 77.0 -67.0 31.0 35.0 26.0 1.0 -60.0 -33.0 6.0 -34.0 35.0 -49.0 -45.0 -45.0 -32.0
 2005   11  2005.9167    35   5.0 -5.0 -44.0 85.0 -32.0 -4.0 -35.0 -12.0 -36.0 -21.0 39.0 -31.0 -57.0 34.0 12.0 -27.0 -4.0 -75.0 -82.0 -24.0 -22.0 30.0 -11.0 -76.0 8.0 -66.0 23.0 70.0 -7.0 7.0 -24.0 32.0 -2.0 -89.0 19.0
 2005   12    2006.0     67   -2.0 -5.0 -8.0 -12.0 -8.0 9.0 -25.0 -22.0 1.0 -42.0 -49.0 -31.0 -65.0 -57.0 0.0 -3.0 4.0 9.0 -34.0 8.0 39.0 -8.0 -33.0 -32.0 16.0 -39.0 15.0 -37.0 14.0 1.0 -24.0 13.0 3.0 -45.0 0.0 16.0 -6.0 54.0 -3.0 38.0 4.0 34.0 0.0 22.0 30.0 15.0 7.0 26.0 3.0 21.0 28.0 23.0 22.0 -28.0 -23.0 -25.0 -16.0 -49.0 -65.0 -64.0 -80.0 -58.0 -52.0 -73.0 -64.0 -7.0 6.0
 2006   01  2006.0833    26   -5.0 21.0 23.0 8.0 -28.0 20.0 -9.0 19.0 -54.0 -44.0 19.0 -46.0 11.0 -83.0 -71.0 -24.0 13.0 -65.0 -22.0 -32.0 -24.0 -38.0 44.0 -56.0 -74.0 -1.0
 2006   02  2006.1667    10   -35.0 7.0 5.0 -23.0 0.0 -22.0 -6.0 8.0 -31.0 -29.0
 2006   03   2006.25     17   29.0 -7.0 20.0 33.0 27.0 -3.0 -25.0 -35.0 64.0 -11.0 -11.0 9.0 1.0 -3.0 -19.0 -8.0 32.0
 2006   04  2006.3333    25   3.0 -69.0 -16.0 -13.0 -3.0 -17.0 3.0 -38.0 -22.0 -8.0 -28.0 -25.0 -19.0 -25.0 -9.0 -26.0 20.0 -52.0 17.0 -3.0 5.0 22.0 2.0 9.0 11.0
 2006   05  2006.4167    29   -7.0 14.0 17.0 -56.0 44.0 -21.0 0.0 -36.0 -36.0 -29.0 -24.0 -31.0 -21.0 -24.0 36.0 8.0 1.0 -22.0 -9.0 -15.0 -32.0 -32.0 0.0 0.0 -28.0 -14.0 -34.0 -8.0 1.0
 2006   06    2006.5     17   -5.0 -24.0 -26.0 -14.0 8.0 71.0 -26.0 -26.0 19.0 -38.0 -40.0 -55.0 -1.0 -46.0 -19.0 -56.0 -35.0
 2006   07  2006.5833    17   26.0 6.0 9.0 -24.0 -71.0 -51.0 7.0 8.0 5.0 -3.0 -82.0 -33.0 -62.0 -21.0 33.0 -13.0 -8.0
 2006   08  2006.6667    7    -27.0 25.0 -35.0 -27.0 9.0 -6.0 -74.0
 2006   09   2006.75     9    -13.0 -27.0 -1.0 -19.0 -1.0 -22.0 -2.0 -7.0 8.0
 2006   10  2006.8333    32   2.0 -4.0 -10.0 -15.0 -3.0 -63.0 14.0 -5.0 -21.0 -27.0 -23.0 -22.0 -6.0 -17.0 17.0 -26.0 -30.0 4.0 3.0 1.0 -2.0 4.0 -26.0 -9.0 -3.0 -20.0 -17.0 18.0 -10.0 -7.0 -10.0 -6.0
 2006   11  2006.9167    60   24.0 6.0 4.0 5.0 39.0 3.0 7.0 10.0 16.0 51.0 18.0 13.0 7.0 26.0 15.0 -41.0 22.0 -39.0 7.0 -21.0 -14.0 -36.0 -44.0 4.0 6.0 -40.0 -29.0 -39.0 6.0 -23.0 -39.0 -31.0 -6.0 -37.0 -17.0 -1.0 -67.0 -40.0 -38.0 -33.0 -29.0 -21.0 -34.0 -32.0 -42.0 -12.0 -44.0 -45.0 -42.0 -41.0 -12.0 -3.0 12.0 -88.0 -37.0 66.0 -51.0 20.0 -51.0 20.0
 2006   12    2007.0     28   17.0 -14.0 -43.0 -38.0 14.0 -5.0 -3.0 18.0 -29.0 -66.0 -37.0 25.0 -33.0 -42.0 -28.0 -27.0 23.0 25.0 -39.0 -29.0 21.0 -40.0 -89.0 -2.0 -2.0 -3.0 -3.0 -17.0
 2007   01  2007.0833    29   -23.0 -35.0 -34.0 -38.0 17.0 22.0 10.0 10.0 -1.0 23.0 25.0 -28.0 -30.0 -17.0 -27.0 15.0 20.0 12.0 12.0 12.0 9.0 -2.0 31.0 22.0 5.0 -14.0 28.0 6.0 0.0
 2007   02  2007.1667    23   -20.0 22.0 -10.0 -1.0 -39.0 8.0 10.0 -45.0 -16.0 -9.0 11.0 -13.0 -22.0 -7.0 -55.0 -6.0 -4.0 9.0 9.0 -6.0 2.0 -41.0 -3.0
 2007   03   2007.25     23   15.0 -5.0 -16.0 -4.0 -8.0 2.0 -5.0 -9.0 24.0 -2.0 18.0 26.0 -38.0 14.0 23.0 31.0 26.0 -8.0 -1.0 -20.0 -29.0 -16.0 2.0
 2007   04  2007.3333    15   -24.0 10.0 -9.0 2.0 -6.0 6.0 -23.0 1.0 -1.0 19.0 7.0 6.0 13.0 9.0 -26.0
 2007   05  2007.4167    27   14.0 3.0 4.0 -3.0 23.0 -4.0 -18.0 9.0 5.0 -4.0 19.0 25.0 19.0 -11.0 -1.0 44.0 19.0 -10.0 -69.0 7.0 6.0 34.0 18.0 7.0 2.0 20.0 -13.0
 2007   06    2007.5     25   2.0 18.0 4.0 5.0 14.0 4.0 -14.0 -8.0 8.0 11.0 10.0 -53.0 -31.0 10.0 11.0 -27.0 -21.0 5.0 10.0 2.0 21.0 19.0 8.0 -33.0 -35.0
 2007   07  2007.5833    16   29.0 -26.0 -47.0 -26.0 -29.0 2.0 7.0 -17.0 16.0 -12.0 13.0 -1.0 22.0 10.0 31.0 2.0
 2007   08  2007.6667    17   11.0 -11.0 -2.0 19.0 4.0 -34.0 -21.0 -13.0 -18.0 -17.0 -13.0 -14.0 -15.0 -30.0 -15.0 23.0 15.0
 2007   09   2007.75     6    20.0 -15.0 16.0 -58.0 -16.0 -20.0
 2007   10  2007.8333    5    7.0 -8.0 29.0 5.0 30.0
 2007   11  2007.9167    3    12.0 -36.0 -8.0
 2007   12    2008.0     9    2.0 -7.0 -37.0 25.0 -9.0 0.0 -2.0 1.0 -23.0
 2008   01  2008.0833    11   -13.0 5.0 11.0 -2.0 -42.0 -60.0 42.0 -3.0 -3.0 10.0 3.0
 2008   02  2008.1667    6    -13.0 -27.0 0.0 13.0 30.0 16.0
 2008   03   2008.25     8    17.0 9.0 -30.0 -11.0 -9.0 17.0 -8.0 -5.0
 2008   04  2008.3333    13   -11.0 -16.0 -34.0 -3.0 -12.0 -38.0 26.0 -25.0 8.0 14.0 25.0 22.0 -5.0
 2008   05  2008.4167    5    -12.0 7.0 -29.0 -34.0 -23.0
 2008   06    2008.5     10   -5.0 72.0 -25.0 -16.0 34.0 7.0 -79.0 9.0 -37.0 15.0
 2008   07  2008.5833    7    25.0 -26.0 -30.0 -70.0 -28.0 30.0 26.0
 2008   08  2008.6667    6    26.0 8.0 -11.0 -12.0 -4.0 44.0
 2008   09   2008.75     3    1.0 -11.0 85.0
 2008   10  2008.8333    9    16.0 -34.0 -15.0 0.0 18.0 -23.0 41.0 -11.0 8.0
 2008   11  2008.9167    9    18.0 5.0 30.0 -1.0 26.0 15.0 29.0 4.0 10.0
 2008   12    2009.0     7    5.0 17.0 16.0 -11.0 -16.0 42.0 -1.0
 2009   01  2009.0833    11   -7.0 16.0 8.0 2.0 6.0 -2.0 -14.0 -17.0 20.0 38.0 9.0
 2009   02  2009.1667    6    21.0 -4.0 27.0 -3.0 -18.0 21.0
 2009   03   2009.25     5    -8.0 35.0 -19.0 -8.0 -86.0
 2009   04  2009.3333    7    3.0 6.0 11.0 5.0 -4.0 16.0 12.0
 2009   05  2009.4167    9    -16.0 10.0 5.0 22.0 12.0 21.0 2.0 -26.0 -12.0
 2009   06    2009.5     15   8.0 -11.0 9.0 -11.0 26.0 -8.0 -16.0 -24.0 17.0 23.0 17.0 8.0 -11.0 -8.0 3.0
 2009   07  2009.5833    8    -13.0 34.0 -23.0 3.0 12.0 10.0 31.0 13.0
 2009   08  2009.6667    6    -15.0 37.0 33.0 8.0 -8.0 13.0
 2009   09   2009.75     12   -39.0 -16.0 24.0 -3.0 -15.0 -6.0 6.0 -7.0 16.0 -4.0 3.0 -12.0
 2009   10  2009.8333    9    -72.0 -6.0 7.0 23.0 8.0 -12.0 -31.0 -21.0 11.0
 2009   11  2009.9167    14   4.0 -13.0 -9.0 -35.0 2.0 -5.0 3.0 18.0 6.0 7.0 -32.0 11.0 -14.0 13.0
 2009   12    2010.0     20   -7.0 23.0 -12.0 -15.0 -4.0 7.0 -28.0 4.0 -8.0 3.0 -2.0 -4.0 -4.0 8.0 30.0 15.0 6.0 3.0 5.0 -12.0
 2010   01  2010.0833    13   41.0 -3.0 19.0 -34.0 -31.0 11.0 -23.0 4.0 -24.0 -11.0 6.0 6.0 -5.0
 2010   02  2010.1667    32   -26.0 -45.0 32.0 16.0 -5.0 5.0 -15.0 0.0 23.0 20.0 20.0 15.0 14.0 55.0 9.0 0.0 81.0 9.0 15.0 24.0 33.0 13.0 9.0 -11.0 -25.0 -25.0 26.0 -21.0 -22.0 59.0 24.0 -25.0
 2010   03   2010.25     34   60.0 5.0 33.0 19.0 8.0 -12.0 -1.0 47.0 4.0 -19.0 -13.0 -23.0 46.0 28.0 26.0 3.0 -6.0 22.0 81.0 24.0 -20.0 -11.0 -4.0 0.0 5.0 8.0 -25.0 -25.0 12.0 10.0 -8.0 52.0 -33.0 4.0
 2010   04  2010.3333    21   39.0 86.0 84.0 10.0 -48.0 -35.0 -37.0 -31.0 14.0 -21.0 35.0 -35.0 27.0 51.0 -10.0 -15.0 -13.0 32.0 -3.0 -16.0 2.0
 2010   05  2010.4167    22   -11.0 -21.0 -24.0 -18.0 61.0 -36.0 -34.0 47.0 40.0 42.0 46.0 12.0 16.0 37.0 -41.0 -4.0 28.0 -45.0 -24.0 -75.0 -21.0 52.0
 2010   06    2010.5     28   21.0 4.0 45.0 -31.0 -23.0 10.0 19.0 16.0 18.0 24.0 25.0 41.0 -20.0 24.0 9.0 -35.0 -40.0 24.0 3.0 22.0 10.0 39.0 -28.0 -18.0 68.0 33.0 31.0 -5.0
 2010   07  2010.5833    22   -31.0 40.0 23.0 86.0 43.0 -4.0 45.0 45.0 45.0 46.0 -32.0 20.0 23.0 -9.0 -23.0 30.0 54.0 -18.0 37.0 -8.0 -10.0 10.0
 2010   08  2010.6667    25   34.0 -17.0 30.0 39.0 20.0 27.0 23.0 -20.0 -26.0 38.0 22.0 -33.0 -29.0 -25.0 32.0 -34.0 28.0 -15.0 -11.0 -23.0 -43.0 -28.0 -12.0 -17.0 -30.0
 2010   09   2010.75     24   -16.0 -28.0 -25.0 -37.0 19.0 26.0 0.0 -7.0 11.0 74.0 46.0 25.0 -35.0 -19.0 7.0 -25.0 39.0 8.0 12.0 2.0 60.0 -19.0 -9.0 88.0
 2010   10  2010.8333    26   84.0 24.0 -15.0 49.0 -2.0 -17.0 26.0 37.0 42.0 54.0 -1.0 -54.0 9.0 -7.0 13.0 2.0 25.0 -72.0 40.0 48.0 83.0 35.0 54.0 -85.0 -37.0 -22.0
 2010   11  2010.9167    40   -8.0 2.0 13.0 -8.0 49.0 -19.0 55.0 3.0 -60.0 40.0 -59.0 -24.0 -20.0 48.0 -39.0 -38.0 -34.0 6.0 -45.0 -34.0 -21.0 -28.0 -34.0 -33.0 27.0 -30.0 39.0 -29.0 50.0 -42.0 57.0 13.0 -28.0 13.0 -81.0 -17.0 -13.0 -50.0 -19.0 14.0
 2010   12    2011.0     30   -23.0 -9.0 -10.0 -10.0 18.0 -3.0 -35.0 -5.0 -41.0 13.0 -22.0 69.0 -3.0 -3.0 -17.0 -3.0 13.0 51.0 25.0 41.0 20.0 8.0 42.0 33.0 -29.0 7.0 -51.0 31.0 35.0 62.0
 2011   01  2011.0833    27   -2.0 -4.0 60.0 3.0 -23.0 -25.0 -29.0 11.0 -10.0 7.0 24.0 29.0 61.0 41.0 45.0 37.0 32.0 -10.0 -15.0 24.0 13.0 18.0 -26.0 10.0 15.0 28.0 35.0
 2011   02  2011.1667    14   32.0 12.0 -2.0 -79.0 9.0 13.0 -7.0 39.0 6.0 42.0 -10.0 -31.0 20.0 8.0
 2011   03   2011.25     48   -39.0 -36.0 -79.0 12.0 1.0 -13.0 28.0 -30.0 -10.0 84.0 -1.0 -24.0 -34.0 -27.0 -55.0 15.0 9.0 31.0 57.0 -51.0 -2.0 43.0 38.0 -66.0 37.0 41.0 36.0 -14.0 -29.0 -20.0 29.0 55.0 7.0 -26.0 51.0 27.0 -45.0 -43.0 -42.0 5.0 -46.0 52.0 10.0 11.0 36.0 43.0 36.0 33.0
 2011   04  2011.3333    38   -21.0 -36.0 49.0 41.0 -38.0 81.0 -52.0 -6.0 -6.0 16.0 42.0 7.0 44.0 -4.0 -15.0 -16.0 82.0 2.0 51.0 -18.0 14.0 -24.0 52.0 24.0 15.0 10.0 -11.0 -29.0 23.0 2.0 -47.0 15.0 58.0 81.0 54.0 64.0 69.0 -6.0
 2011   05  2011.4167    43   20.0 9.0 17.0 10.0 35.0 14.0 -6.0 -4.0 19.0 -32.0 35.0 30.0 41.0 50.0 -40.0 -22.0 -19.0 -12.0 8.0 -12.0 -15.0 -12.0 36.0 41.0 53.0 2.0 11.0 77.0 -17.0 32.0 50.0 59.0 -29.0 18.0 -7.0 -17.0 33.0 -13.0 38.0 -7.0 7.0 18.0 40.0
 2011   06    2011.5     39   -23.0 -22.0 60.0 1.0 47.0 26.0 39.0 -49.0 72.0 -34.0 22.0 -13.0 19.0 32.0 -29.0 89.0 29.0 24.0 59.0 45.0 48.0 76.0 -21.0 -1.0 -25.0 4.0 22.0 46.0 44.0 44.0 26.0 -30.0 -30.0 21.0 -33.0 -17.0 71.0 52.0 -3.0
 2011   07  2011.5833    28   25.0 -51.0 -7.0 21.0 12.0 5.0 7.0 -8.0 -1.0 -50.0 2.0 51.0 53.0 -37.0 0.0 5.0 -12.0 14.0 -22.0 32.0 80.0 -18.0 1.0 40.0 27.0 -69.0 -46.0 -52.0
 2011   08  2011.6667    36   27.0 -8.0 18.0 70.0 89.0 -21.0 19.0 -7.0 -11.0 -7.0 -6.0 -7.0 35.0 14.0 6.0 37.0 33.0 3.0 60.0 26.0 47.0 27.0 -28.0 40.0 -36.0 25.0 -3.0 25.0 -24.0 69.0 22.0 35.0 52.0 56.0 0.0 6.0
 2011   09   2011.75     85   -33.0 0.0 21.0 35.0 3.0 38.0 26.0 35.0 32.0 -28.0 39.0 19.0 53.0 29.0 25.0 34.0 20.0 55.0 80.0 50.0 -16.0 63.0 5.0 31.0 40.0 52.0 64.0 36.0 51.0 33.0 -31.0 58.0 10.0 -24.0 -23.0 -5.0 -21.0 -16.0 40.0 -7.0 37.0 17.0 31.0 40.0 35.0 3.0 25.0 42.0 -1.0 22.0 -4.0 47.0 68.0 55.0 27.0 28.0 48.0 -15.0 -22.0 41.0 -12.0 32.0 -13.0 -2.0 -30.0 -7.0 -10.0 -8.0 -20.0 70.0 -17.0 83.0 -17.0 43.0 -19.0 58.0 59.0 -11.0 -17.0 51.0 51.0 -24.0 71.0 13.0 74.0
 2011   10  2011.8333    50   75.0 47.0 -26.0 15.0 17.0 32.0 60.0 -17.0 38.0 -48.0 -1.0 -2.0 27.0 20.0 11.0 71.0 51.0 45.0 -40.0 -19.0 90.0 50.0 -20.0 58.0 48.0 40.0 21.0 26.0 1.0 30.0 -23.0 66.0 -4.0 -7.0 32.0 28.0 -18.0 83.0 -28.0 -43.0 74.0 73.0 40.0 1.0 2.0 28.0 47.0 -45.0 -49.0 84.0
 2011   11  2011.9167    66   25.0 36.0 22.0 38.0 20.0 -18.0 77.0 -4.0 36.0 10.0 33.0 21.0 60.0 -42.0 19.0 18.0 -43.0 -18.0 24.0 -58.0 55.0 65.0 55.0 57.0 -89.0 45.0 30.0 49.0 38.0 26.0 45.0 35.0 31.0 22.0 -46.0 34.0 -8.0 50.0 24.0 26.0 35.0 37.0 53.0 -6.0 52.0 53.0 52.0 -6.0 25.0 21.0 63.0 71.0 55.0 -8.0 23.0 3.0 -39.0 8.0 -20.0 43.0 34.0 -12.0 3.0 12.0 30.0 -86.0
 2011   12    2012.0     62   13.0 67.0 -31.0 29.0 77.0 -27.0 24.0 -7.0 -16.0 27.0 54.0 -31.0 16.0 52.0 21.0 54.0 18.0 66.0 61.0 -53.0 -32.0 -23.0 -23.0 -31.0 41.0 -32.0 -35.0 80.0 33.0 31.0 83.0 -27.0 49.0 28.0 -21.0 17.0 7.0 -14.0 -12.0 34.0 17.0 -11.0 12.0 -23.0 -8.0 70.0 0.0 -35.0 -29.0 -16.0 39.0 5.0 11.0 55.0 64.0 20.0 43.0 67.0 8.0 -14.0 88.0 -32.0
 2012   01  2012.0833    52   50.0 2.0 81.0 27.0 -24.0 5.0 -6.0 -19.0 57.0 -21.0 52.0 73.0 19.0 -8.0 -24.0 11.0 14.0 72.0 26.0 19.0 25.0 1.0 28.0 12.0 80.0 -82.0 -7.0 63.0 3.0 81.0 6.0 -3.0 78.0 -13.0 83.0 16.0 -1.0 -24.0 84.0 31.0 59.0 4.0 56.0 64.0 58.0 5.0 19.0 59.0 -42.0 -22.0 6.0 -5.0
 2012   02  2012.1667    35   76.0 -76.0 85.0 60.0 -46.0 89.0 -32.0 77.0 -71.0 89.0 2.0 40.0 42.0 37.0 70.0 5.0 72.0 74.0 -28.0 22.0 63.0 71.0 -45.0 39.0 -33.0 69.0 11.0 11.0 63.0 23.0 44.0 -1.0 24.0 -21.0 74.0
 2012   03   2012.25     46   23.0 41.0 43.0 61.0 56.0 87.0 14.0 22.0 -32.0 47.0 20.0 54.0 38.0 56.0 8.0 50.0 48.0 79.0 -20.0 -2.0 70.0 -17.0 -38.0 -65.0 -41.0 56.0 -22.0 28.0 35.0 75.0 -20.0 5.0 -26.0 81.0 16.0 68.0 12.0 49.0 77.0 -9.0 30.0 75.0 11.0 84.0 46.0 67.0
 2012   04  2012.3333    50   67.0 -28.0 -17.0 63.0 26.0 -22.0 3.0 -4.0 44.0 -30.0 -19.0 0.0 4.0 -15.0 11.0 -10.0 -45.0 -1.0 -33.0 28.0 67.0 -23.0 -24.0 20.0 26.0 26.0 -62.0 -48.0 -1.0 -39.0 0.0 28.0 -40.0 -10.0 34.0 -13.0 -9.0 -13.0 -22.0 -18.0 -37.0 25.0 -4.0 -41.0 -21.0 29.0 38.0 60.0 -3.0 21.0
 2012   05  2012.4167    47   2.0 -27.0 -1.0 38.0 -34.0 7.0 14.0 -26.0 0.0 53.0 -30.0 -27.0 64.0 -16.0 -35.0 33.0 -87.0 67.0 -18.0 -21.0 -18.0 -25.0 1.0 -47.0 2.0 5.0 25.0 15.0 89.0 -73.0 41.0 42.0 -1.0 23.0 53.0 -40.0 -30.0 85.0 35.0 -13.0 -36.0 -29.0 -87.0 -9.0 4.0 19.0 -31.0
 2012   06    2012.5     75   -8.0 -10.0 -33.0 10.0 61.0 -4.0 79.0 -38.0 19.0 49.0 35.0 -33.0 -24.0 71.0 -39.0 -90.0 46.0 66.0 -71.0 69.0 63.0 -35.0 -33.0 -22.0 -36.0 -41.0 -38.0 17.0 -41.0 -43.0 -32.0 24.0 -82.0 -76.0 23.0 -69.0 -76.0 15.0 -24.0 -59.0 0.0 10.0 26.0 -10.0 -50.0 -87.0 59.0 -37.0 50.0 -49.0 -40.0 49.0 -14.0 24.0 -48.0 -51.0 45.0 23.0 52.0 26.0 29.0 13.0 48.0 -39.0 41.0 -10.0 58.0 29.0 -24.0 22.0 -39.0 -63.0 -68.0 -13.0 84.0
 2012   07  2012.5833    97   39.0 -64.0 36.0 -85.0 -90.0 -85.0 -3.0 -84.0 58.0 -29.0 -88.0 -85.0 -75.0 -71.0 -66.0 -49.0 -61.0 -57.0 -67.0 75.0 -62.0 -75.0 -35.0 -51.0 -50.0 -42.0 6.0 -37.0 -32.0 8.0 -17.0 -41.0 81.0 -39.0 -58.0 -46.0 -8.0 -35.0 -36.0 -45.0 -40.0 80.0 40.0 -48.0 -30.0 -39.0 -42.0 85.0 -80.0 -32.0 31.0 -39.0 3.0 63.0 -49.0 70.0 81.0 47.0 78.0 48.0 85.0 31.0 20.0 52.0 15.0 62.0 -63.0 -15.0 -19.0 -16.0 33.0 79.0 14.0 72.0 -56.0 83.0 61.0 -84.0 -82.0 58.0 45.0 58.0 20.0 69.0 -30.0 50.0 65.0 -46.0 53.0 13.0 44.0 -11.0 -22.0 56.0 -25.0 34.0 -40.0
 2012   08  2012.6667    87   35.0 41.0 36.0 -11.0 16.0 43.0 40.0 -33.0 41.0 40.0 -7.0 -28.0 -32.0 24.0 21.0 11.0 15.0 32.0 8.0 29.0 -27.0 49.0 -40.0 -31.0 7.0 75.0 -11.0 -15.0 -21.0 6.0 -33.0 56.0 37.0 2.0 18.0 17.0 5.0 43.0 -1.0 37.0 45.0 41.0 29.0 47.0 68.0 28.0 29.0 -3.0 45.0 34.0 53.0 49.0 51.0 46.0 46.0 -3.0 -6.0 70.0 43.0 48.0 -46.0 19.0 60.0 62.0 -19.0 28.0 -5.0 -1.0 50.0 -2.0 11.0 26.0 55.0 31.0 25.0 51.0 82.0 65.0 87.0 86.0 50.0 81.0 5.0 62.0 -9.0 -5.0 64.0
 2012   09   2012.75     46   2.0 6.0 77.0 15.0 17.0 56.0 82.0 59.0 -1.0 77.0 82.0 7.0 -38.0 21.0 -79.0 8.0 19.0 51.0 5.0 23.0 25.0 18.0 -36.0 20.0 52.0 63.0 -1.0 81.0 36.0 24.0 75.0 45.0 22.0 34.0 67.0 65.0 13.0 42.0 1.0 35.0 19.0 0.0 58.0 19.0 47.0 -50.0
 2012   10  2012.8333    36   0.0 -25.0 23.0 18.0 7.0 -7.0 -3.0 -33.0 -12.0 -39.0 17.0 -40.0 -68.0 52.0 -26.0 -19.0 77.0 33.0 81.0 15.0 61.0 -42.0 -44.0 -56.0 16.0 14.0 8.0 14.0 78.0 7.0 -28.0 -4.0 -27.0 -1.0 15.0 15.0
 2012   11  2012.9167    55   5.0 36.0 -3.0 -74.0 74.0 -72.0 4.0 14.0 18.0 -70.0 -30.0 78.0 -65.0 -85.0 -81.0 -9.0 -40.0 -32.0 28.0 -48.0 -44.0 -29.0 -29.0 -39.0 -48.0 -48.0 5.0 -53.0 -23.0 -51.0 20.0 -30.0 -24.0 -73.0 22.0 16.0 -19.0 -8.0 22.0 27.0 9.0 26.0 51.0 15.0 19.0 30.0 85.0 -30.0 25.0 -56.0 15.0 -77.0 52.0 3.0 -78.0
 2012   12    2013.0     38   58.0 77.0 -17.0 24.0 -2.0 -28.0 -35.0 28.0 71.0 29.0 34.0 21.0 -19.0 42.0 -50.0 0.0 15.0 66.0 48.0 -5.0 9.0 -50.0 35.0 -18.0 -3.0 45.0 34.0 60.0 -14.0 -15.0 -5.0 -21.0 -6.0 -17.0 53.0 -5.0 -11.0 47.0
 2013   01  2013.0833    50   37.0 18.0 63.0 13.0 33.0 -20.0 -10.0 -3.0 -3.0 -32.0 -23.0 25.0 10.0 27.0 -37.0 78.0 -22.0 -43.0 32.0 -31.0 18.0 54.0 -65.0 2.0 -59.0 6.0 -36.0 24.0 16.0 13.0 7.0 49.0 18.0 -2.0 -30.0 -38.0 81.0 74.0 42.0 67.0 -54.0 68.0 2.0 -19.0 5.0 26.0 -60.0 -44.0 28.0 23.0
 2013   02  2013.1667    46   -47.0 32.0 21.0 23.0 -60.0 -62.0 27.0 -7.0 -3.0 -17.0 86.0 31.0 1.0 -27.0 72.0 -3.0 -35.0 42.0 23.0 29.0 -45.0 -18.0 -33.0 56.0 3.0 4.0 57.0 36.0 -57.0 86.0 -51.0 27.0 39.0 -31.0 -9.0 -59.0 -72.0 43.0 41.0 47.0 -11.0 -69.0 52.0 66.0 -18.0 16.0
 2013   03   2013.25     35   -12.0 74.0 15.0 55.0 17.0 12.0 53.0 -8.0 -24.0 89.0 -34.0 -26.0 -35.0 53.0 55.0 -21.0 -15.0 -23.0 76.0 -18.0 78.0 -53.0 17.0 -31.0 37.0 -41.0 -40.0 65.0 -5.0 -20.0 20.0 -13.0 -81.0 13.0 -27.0
 2013   04  2013.3333    51   -31.0 81.0 25.0 -9.0 -5.0 36.0 3.0 62.0 62.0 75.0 -13.0 -34.0 -36.0 -32.0 7.0 12.0 34.0 -34.0 17.0 -36.0 -59.0 14.0 -28.0 14.0 -46.0 88.0 84.0 -25.0 85.0 13.0 -1.0 -11.0 4.0 3.0 -15.0 -19.0 46.0 -25.0 -68.0 -12.0 -67.0 66.0 20.0 -70.0 -14.0 -19.0 -57.0 -33.0 62.0 4.0 -40.0
 2013   05  2013.4167    74   10.0 -51.0 36.0 72.0 74.0 81.0 -42.0 -13.0 4.0 -16.0 17.0 14.0 16.0 13.0 -36.0 -86.0 -90.0 -21.0 -76.0 -59.0 -83.0 27.0 49.0 -5.0 -42.0 -18.0 -4.0 -5.0 8.0 -6.0 28.0 -10.0 44.0 56.0 -30.0 2.0 -64.0 16.0 -67.0 3.0 70.0 3.0 54.0 -7.0 -65.0 -72.0 51.0 0.0 47.0 -24.0 -31.0 -35.0 55.0 -6.0 -45.0 -54.0 86.0 23.0 75.0 -74.0 -74.0 76.0 30.0 -4.0 44.0 36.0 77.0 -3.0 25.0 -49.0 75.0 -28.0 90.0 -27.0
 2013   06    2013.5     47   -3.0 39.0 -9.0 -90.0 69.0 -66.0 -61.0 -37.0 -73.0 -67.0 -16.0 -3.0 -7.0 -40.0 -10.0 -71.0 79.0 -54.0 -44.0 31.0 79.0 17.0 -38.0 1.0 -59.0 -51.0 -33.0 -34.0 -76.0 -45.0 44.0 -37.0 -16.0 -33.0 -20.0 -34.0 -33.0 -17.0 -20.0 -38.0 -64.0 -42.0 63.0 -27.0 -84.0 -53.0 -17.0
 2013   07  2013.5833    34   -19.0 -51.0 83.0 -33.0 2.0 69.0 -36.0 -47.0 -21.0 -41.0 -49.0 18.0 -90.0 -79.0 -43.0 54.0 -46.0 -41.0 42.0 -3.0 16.0 -12.0 -12.0 5.0 66.0 66.0 84.0 -18.0 -68.0 -65.0 48.0 31.0 39.0 22.0
 2013   08  2013.6667    58   -15.0 -28.0 46.0 -77.0 38.0 -18.0 42.0 -82.0 14.0 63.0 26.0 -84.0 -41.0 -64.0 -45.0 -39.0 -47.0 -75.0 76.0 -44.0 -65.0 -28.0 -25.0 65.0 0.0 10.0 -3.0 -38.0 48.0 33.0 -22.0 -30.0 -29.0 -79.0 -61.0 -24.0 -28.0 -38.0 -37.0 -77.0 60.0 -5.0 3.0 -90.0 62.0 -4.0 -27.0 -55.0 -1.0 43.0 -79.0 -46.0 -83.0 -26.0 -78.0 22.0 -20.0 -43.0
 2013   09   2013.75     47   -23.0 -32.0 -55.0 -73.0 -3.0 44.0 -41.0 -33.0 -12.0 14.0 0.0 24.0 8.0 38.0 19.0 1.0 58.0 -87.0 -60.0 -49.0 -31.0 46.0 -70.0 -59.0 -7.0 -38.0 6.0 -24.0 -74.0 -46.0 71.0 38.0 -14.0 -39.0 46.0 59.0 -60.0 40.0 -27.0 -44.0 -40.0 -52.0 -18.0 -84.0 -26.0 1.0 15.0
 2013   10  2013.8333    93   11.0 -10.0 -68.0 39.0 -22.0 21.0 37.0 -41.0 -52.0 80.0 34.0 37.0 20.0 35.0 -38.0 51.0 -32.0 -79.0 -5.0 -75.0 -4.0 69.0 -52.0 -9.0 -15.0 -56.0 -13.0 -6.0 -50.0 5.0 8.0 15.0 70.0 13.0 -26.0 -2.0 18.0 37.0 78.0 -77.0 56.0 4.0 8.0 1.0 -26.0 68.0 -80.0 8.0 56.0 -7.0 87.0 17.0 1.0 11.0 -5.0 2.0 16.0 -63.0 -13.0 16.0 4.0 16.0 4.0 19.0 5.0 38.0 5.0 45.0 7.0 2.0 -75.0 4.0 13.0 3.0 1.0 14.0 6.0 10.0 -55.0 2.0 2.0 55.0 18.0 11.0 3.0 52.0 47.0 13.0 -34.0 -32.0 27.0 -40.0 -2.0
 2013   11  2013.9167    67   42.0 84.0 -13.0 -62.0 87.0 56.0 -69.0 -51.0 -35.0 66.0 -46.0 -14.0 60.0 -32.0 -8.0 -70.0 -87.0 -81.0 -79.0 46.0 -50.0 -82.0 48.0 8.0 31.0 -19.0 -31.0 -11.0 35.0 36.0 -68.0 -38.0 -12.0 57.0 38.0 -68.0 -49.0 -72.0 52.0 -41.0 24.0 -46.0 -29.0 -12.0 -40.0 -12.0 64.0 -13.0 -42.0 -61.0 0.0 81.0 41.0 -77.0 -47.0 38.0 -24.0 -8.0 35.0 -19.0 -59.0 37.0 -15.0 17.0 -40.0 -44.0 -51.0
 2013   12    2014.0     70   61.0 83.0 -64.0 7.0 -18.0 8.0 -25.0 76.0 23.0 68.0 -43.0 5.0 25.0 33.0 23.0 -77.0 -56.0 -78.0 -90.0 13.0 -89.0 3.0 -26.0 -48.0 -27.0 -60.0 21.0 -3.0 46.0 -63.0 -50.0 -22.0 -45.0 51.0 -23.0 -21.0 -55.0 -8.0 38.0 49.0 42.0 50.0 -37.0 -5.0 -47.0 -37.0 -58.0 -37.0 -32.0 -52.0 -44.0 48.0 -13.0 -45.0 -79.0 -46.0 -39.0 -89.0 -62.0 -50.0 -28.0 2.0 50.0 4.0 -8.0 -46.0 -25.0 -79.0 -67.0 -34.0
 2014   01  2014.0833   105   87.0 23.0 -58.0 -25.0 -18.0 -27.0 -86.0 39.0 29.0 -64.0 -48.0 3.0 -17.0 32.0 -17.0 -8.0 31.0 6.0 48.0 27.0 -4.0 30.0 -44.0 -57.0 -13.0 -10.0 29.0 -34.0 41.0 -8.0 48.0 86.0 -55.0 42.0 84.0 63.0 -41.0 -3.0 -46.0 -33.0 -45.0 -36.0 -9.0 -66.0 -5.0 -26.0 -24.0 -16.0 -17.0 -21.0 -14.0 -60.0 -23.0 41.0 5.0 -8.0 -22.0 -16.0 29.0 -30.0 -74.0 -10.0 -28.0 -15.0 -36.0 43.0 38.0 -56.0 25.0 -41.0 63.0 23.0 -62.0 -48.0 65.0 -35.0 -46.0 24.0 15.0 -62.0 -54.0 -29.0 2.0 13.0 44.0 -25.0 2.0 43.0 33.0 33.0 35.0 56.0 -26.0 -20.0 -54.0 -4.0 -11.0 -14.0 -45.0 2.0 -51.0 -61.0 -73.0 82.0 43.0
 2014   02  2014.1667    51   -45.0 10.0 -3.0 -4.0 -9.0 -62.0 -85.0 -3.0 -78.0 -84.0 -37.0 -36.0 -20.0 -51.0 -21.0 -59.0 33.0 55.0 -74.0 1.0 0.0 11.0 6.0 36.0 -22.0 -46.0 40.0 11.0 -48.0 37.0 -85.0 -24.0 -8.0 0.0 21.0 58.0 -69.0 -80.0 -17.0 -12.0 18.0 -89.0 -23.0 -6.0 -24.0 -8.0 -4.0 -28.0 -3.0 -23.0 6.0
 2014   03   2014.25     73   4.0 -10.0 -13.0 -11.0 -62.0 27.0 2.0 39.0 31.0 -72.0 24.0 -58.0 42.0 17.0 3.0 33.0 31.0 -56.0 37.0 -6.0 8.0 -83.0 2.0 42.0 32.0 5.0 13.0 16.0 4.0 18.0 -3.0 -62.0 -2.0 -9.0 60.0 -84.0 -23.0 -12.0 -78.0 -6.0 -8.0 12.0 -84.0 45.0 -17.0 -13.0 3.0 53.0 -4.0 48.0 -85.0 55.0 -42.0 90.0 -9.0 18.0 -33.0 -50.0 71.0 34.0 55.0 -17.0 74.0 58.0 -19.0 -5.0 -71.0 -71.0 -7.0 21.0 34.0 40.0 6.0
 2014   04  2014.3333    65   -28.0 -14.0 45.0 -47.0 61.0 -44.0 -33.0 36.0 26.0 36.0 -65.0 -32.0 -28.0 32.0 41.0 68.0 75.0 -42.0 -42.0 81.0 -56.0 -18.0 22.0 -16.0 -16.0 -90.0 -29.0 49.0 -10.0 -21.0 -64.0 16.0 58.0 32.0 -80.0 -57.0 47.0 -76.0 -65.0 -58.0 -61.0 -67.0 -6.0 36.0 -80.0 17.0 19.0 29.0 43.0 81.0 73.0 67.0 -4.0 53.0 -30.0 -61.0 -38.0 -20.0 -39.0 -34.0 24.0 -24.0 5.0 85.0 -41.0
 2014   05  2014.4167    82   37.0 39.0 -4.0 60.0 45.0 -16.0 -20.0 38.0 -22.0 -13.0 27.0 58.0 10.0 16.0 -2.0 -40.0 -15.0 17.0 -46.0 0.0 -17.0 13.0 -71.0 -38.0 1.0 39.0 -10.0 -37.0 29.0 -81.0 2.0 7.0 -79.0 24.0 -12.0 34.0 60.0 -27.0 -64.0 3.0 -65.0 -78.0 -77.0 -42.0 74.0 7.0 -8.0 0.0 0.0 2.0 -32.0 42.0 34.0 39.0 -30.0 22.0 4.0 -28.0 69.0 5.0 -2.0 51.0 11.0 47.0 -24.0 19.0 24.0 67.0 -56.0 -22.0 73.0 76.0 13.0 -24.0 15.0 19.0 26.0 -60.0 27.0 25.0 -19.0 17.0
 2014   06    2014.5     72   21.0 6.0 17.0 81.0 -37.0 -51.0 18.0 8.0 20.0 18.0 7.0 13.0 -44.0 -27.0 -22.0 -26.0 -24.0 -8.0 3.0 -16.0 -9.0 -7.0 45.0 -40.0 13.0 -35.0 -46.0 5.0 -31.0 16.0 -33.0 -36.0 -32.0 -67.0 -38.0 -16.0 -37.0 -18.0 -37.0 -40.0 -58.0 -40.0 1.0 80.0 -46.0 -52.0 -75.0 -32.0 2.0 -36.0 -32.0 83.0 22.0 24.0 -13.0 -36.0 39.0 -54.0 43.0 21.0 -68.0 76.0 32.0 49.0 29.0 48.0 35.0 -34.0 11.0 -16.0 9.0 -9.0
 2014   07  2014.5833    49   25.0 -43.0 48.0 42.0 71.0 39.0 -17.0 39.0 -39.0 17.0 -69.0 75.0 -11.0 62.0 -13.0 31.0 -21.0 41.0 84.0 50.0 -36.0 54.0 51.0 46.0 40.0 -55.0 50.0 -56.0 -35.0 -26.0 -5.0 -21.0 -9.0 18.0 14.0 43.0 -40.0 80.0 -41.0 -10.0 22.0 77.0 54.0 49.0 -49.0 15.0 -16.0 -28.0 15.0
 2014   08  2014.6667    35   -29.0 -29.0 81.0 -55.0 50.0 -39.0 10.0 -48.0 27.0 -60.0 18.0 46.0 7.0 26.0 10.0 12.0 -32.0 -5.0 24.0 36.0 29.0 51.0 60.0 -40.0 63.0 10.0 25.0 3.0 49.0 -17.0 9.0 -34.0 -5.0 19.0 50.0
 2014   09   2014.75     43   -1.0 32.0 -31.0 86.0 26.0 -13.0 -8.0 -8.0 -7.0 55.0 28.0 24.0 75.0 7.0 48.0 84.0 -11.0 14.0 15.0 61.0 36.0 65.0 3.0 -18.0 56.0 10.0 -8.0 -4.0 33.0 -17.0 26.0 27.0 -13.0 72.0 21.0 -19.0 22.0 -2.0 85.0 -8.0 -15.0 -54.0 5.0
 2014   10  2014.8333    45   27.0 26.0 61.0 -31.0 -6.0 19.0 -5.0 7.0 14.0 44.0 -3.0 76.0 39.0 6.0 2.0 -13.0 11.0 7.0 3.0 -42.0 -7.0 -10.0 41.0 10.0 -2.0 75.0 24.0 8.0 -68.0 -55.0 78.0 70.0 61.0 54.0 53.0 18.0 -86.0 10.0 19.0 17.0 17.0 19.0 -71.0 18.0 34.0
 2014   11  2014.9167    83   16.0 -72.0 -89.0 -17.0 -8.0 18.0 74.0 16.0 58.0 14.0 -13.0 -47.0 18.0 24.0 -17.0 33.0 46.0 -31.0 67.0 3.0 14.0 18.0 57.0 35.0 -51.0 26.0 42.0 3.0 41.0 -43.0 53.0 58.0 62.0 48.0 41.0 -34.0 83.0 14.0 11.0 57.0 -45.0 57.0 35.0 3.0 42.0 -44.0 -39.0 36.0 -32.0 34.0 71.0 35.0 -73.0 38.0 15.0 52.0 24.0 38.0 -52.0 45.0 25.0 45.0 51.0 30.0 63.0 63.0 49.0 39.0 52.0 -4.0 -44.0 53.0 9.0 -47.0 -86.0 38.0 19.0 41.0 7.0 52.0 7.0 20.0 9.0
 2014   12    2015.0     43   47.0 34.0 58.0 80.0 79.0 32.0 4.0 17.0 15.0 57.0 52.0 -9.0 60.0 27.0 32.0 82.0 37.0 34.0 -41.0 -48.0 0.0 -19.0 -36.0 46.0 -17.0 -7.0 1.0 10.0 5.0 -54.0 30.0 -15.0 13.0 5.0 -3.0 -8.0 -33.0 -4.0 79.0 70.0 -17.0 39.0 -49.0
 2015   01  2015.0833    36   57.0 24.0 2.0 -28.0 46.0 12.0 -26.0 -17.0 28.0 42.0 64.0 24.0 77.0 6.0 8.0 81.0 71.0 1.0 70.0 40.0 -52.0 25.0 71.0 80.0 21.0 -80.0 -81.0 66.0 -4.0 -6.0 -31.0 65.0 77.0 -1.0 -38.0 42.0
 2015   02  2015.1667    38   56.0 77.0 30.0 30.0 48.0 47.0 52.0 -37.0 74.0 -14.0 -43.0 -10.0 2.0 -1.0 -1.0 -86.0 2.0 37.0 61.0 -16.0 26.0 33.0 53.0 6.0 -69.0 -52.0 -53.0 -49.0 -54.0 -21.0 -73.0 -27.0 -17.0 -26.0 49.0 -23.0 34.0 14.0
 2015   03   2015.25     52   25.0 -55.0 48.0 -1.0 -56.0 36.0 33.0 34.0 12.0 17.0 53.0 9.0 -5.0 59.0 -50.0 13.0 34.0 -19.0 -18.0 -5.0 7.0 3.0 18.0 -9.0 45.0 6.0 56.0 35.0 9.0 28.0 55.0 17.0 11.0 -40.0 -43.0 -70.0 -61.0 -15.0 -11.0 -5.0 48.0 13.0 -20.0 -70.0 -69.0 -69.0 -1.0 -1.0 25.0 -45.0 25.0 23.0
 2015   04  2015.3333    52   11.0 30.0 21.0 -24.0 -22.0 -33.0 10.0 25.0 20.0 3.0 -1.0 -12.0 28.0 -3.0 -21.0 39.0 79.0 25.0 -1.0 31.0 61.0 79.0 3.0 26.0 -21.0 -4.0 2.0 84.0 57.0 -2.0 -50.0 38.0 38.0 -74.0 -24.0 69.0 35.0 62.0 49.0 45.0 88.0 44.0 44.0 14.0 40.0 -8.0 23.0 -29.0 71.0 9.0 77.0 85.0
 2015   05  2015.4167    62   69.0 46.0 -6.0 23.0 -32.0 64.0 -25.0 57.0 -30.0 44.0 46.0 45.0 48.0 40.0 43.0 -17.0 22.0 -24.0 22.0 -13.0 34.0 22.0 22.0 37.0 79.0 -7.0 -59.0 27.0 33.0 23.0 -31.0 -11.0 -14.0 26.0 16.0 76.0 0.0 22.0 79.0 73.0 -56.0 48.0 62.0 88.0 -13.0 -48.0 66.0 55.0 38.0 -36.0 22.0 22.0 -16.0 63.0 72.0 9.0 70.0 25.0 76.0 36.0 83.0 36.0
 2015   06    2015.5     35   38.0 -5.0 -13.0 81.0 56.0 -22.0 38.0 -77.0 13.0 -54.0 -37.0 82.0 23.0 42.0 -71.0 61.0 -75.0 -40.0 51.0 -81.0 8.0 54.0 18.0 62.0 9.0 23.0 -21.0 -42.0 35.0 -33.0 -35.0 52.0 -29.0 70.0 -12.0
 2015   07  2015.5833    34   66.0 32.0 50.0 48.0 -15.0 27.0 25.0 -55.0 -22.0 -89.0 38.0 25.0 -35.0 10.0 -21.0 13.0 -69.0 -52.0 78.0 12.0 38.0 47.0 -24.0 -37.0 39.0 43.0 -36.0 -26.0 78.0 59.0 37.0 -31.0 -25.0 32.0
 2015   08  2015.6667    37   35.0 -18.0 14.0 3.0 -12.0 -36.0 74.0 51.0 -37.0 -31.0 54.0 44.0 -37.0 -49.0 50.0 -32.0 -63.0 -81.0 18.0 3.0 18.0 15.0 49.0 -84.0 -19.0 52.0 13.0 -17.0 -46.0 -41.0 -10.0 -16.0 -10.0 89.0 -12.0 44.0 70.0
 2015   09   2015.75     46   -26.0 79.0 -84.0 37.0 -32.0 -43.0 67.0 -35.0 -16.0 -21.0 -51.0 39.0 55.0 -25.0 -2.0 -1.0 -12.0 83.0 -14.0 -26.0 -17.0 -69.0 12.0 -15.0 -22.0 -4.0 -6.0 -5.0 -18.0 -36.0 3.0 -43.0 -19.0 -20.0 -27.0 -16.0 -25.0 -35.0 20.0 -16.0 4.0 -39.0 61.0 16.0 -23.0 26.0
 2015   10  2015.8333    41   -26.0 79.0 20.0 14.0 18.0 -24.0 -11.0 -10.0 -15.0 -10.0 27.0 -47.0 21.0 -23.0 -7.0 67.0 61.0 -8.0 74.0 66.0 -7.0 61.0 52.0 67.0 19.0 24.0 -1.0 -26.0 36.0 16.0 -28.0 4.0 28.0 10.0 11.0 -29.0 -11.0 -29.0 -13.0 37.0 22.0
 2015   11  2015.9167    46   14.0 27.0 52.0 -53.0 62.0 27.0 14.0 8.0 15.0 8.0 -29.0 -10.0 4.0 -29.0 -46.0 11.0 -32.0 -27.0 -52.0 49.0 -37.0 -36.0 26.0 58.0 -38.0 -4.0 14.0 8.0 -44.0 -61.0 -28.0 2.0 -6.0 10.0 -18.0 54.0 -27.0 -33.0 -29.0 -21.0 -21.0 0.0 -2.0 -47.0 -23.0 29.0
 2015   12    2016.0     29   12.0 -23.0 -14.0 2.0 -11.0 -2.0 -2.0 21.0 12.0 -22.0 7.0 -3.0 -32.0 18.0 32.0 -8.0 24.0 1.0 -20.0 -38.0 -17.0 -17.0 -14.0 -24.0 -8.0 -72.0 -23.0 8.0 24.0
 2016   01  2016.0833    52   -22.0 18.0 -20.0 -17.0 -11.0 4.0 -29.0 44.0 -26.0 15.0 -1.0 -26.0 7.0 72.0 -44.0 -33.0 26.0 11.0 69.0 76.0 -9.0 -54.0 -61.0 -72.0 -34.0 24.0 -73.0 -60.0 -65.0 -33.0 56.0 80.0 -68.0 -38.0 8.0 -25.0 -15.0 -27.0 -35.0 -1.0 -8.0 0.0 -7.0 -7.0 -3.0 -5.0 -9.0 51.0 -10.0 6.0 -19.0 -1.0
 2016   02  2016.1667    29   -25.0 -24.0 -72.0 -77.0 -16.0 69.0 34.0 72.0 22.0 -18.0 -17.0 18.0 -35.0 29.0 -7.0 -49.0 12.0 9.0 -69.0 6.0 11.0 -29.0 -9.0 -38.0 40.0 -27.0 -1.0 -17.0 -17.0
 2016   03   2016.25     35   0.0 61.0 25.0 -47.0 80.0 87.0 -19.0 -47.0 -17.0 8.0 -8.0 28.0 -25.0 -72.0 3.0 18.0 -8.0 -21.0 66.0 -25.0 -14.0 -26.0 38.0 48.0 12.0 15.0 -42.0 -23.0 -15.0 -23.0 66.0 22.0 35.0 -2.0 -36.0
 2016   04  2016.3333    34   86.0 -29.0 39.0 -30.0 83.0 60.0 39.0 -18.0 19.0 4.0 17.0 47.0 64.0 46.0 52.0 -60.0 2.0 31.0 28.0 29.0 -29.0 13.0 -1.0 17.0 20.0 5.0 -4.0 84.0 -28.0 52.0 -26.0 40.0 22.0 -21.0
 2016   05  2016.4167    27   40.0 43.0 30.0 -13.0 -15.0 32.0 -28.0 84.0 67.0 -39.0 16.0 14.0 35.0 28.0 -19.0 -2.0 -2.0 -18.0 -18.0 49.0 -42.0 -8.0 17.0 33.0 -11.0 36.0 -36.0
 2016   06    2016.5     34   -77.0 -78.0 6.0 -31.0 -55.0 -16.0 71.0 89.0 -2.0 -3.0 -63.0 32.0 32.0 21.0 -14.0 63.0 -22.0 3.0 -11.0 42.0 11.0 0.0 20.0 12.0 40.0 8.0 26.0 -48.0 4.0 8.0 41.0 23.0 38.0 31.0
 2016   07  2016.5833    25   -8.0 11.0 0.0 35.0 -32.0 4.0 -12.0 34.0 28.0 17.0 38.0 -7.0 -32.0 -26.0 -25.0 -8.0 38.0 13.0 41.0 -6.0 -8.0 -6.0 -14.0 -16.0 48.0
 2016   08  2016.6667    19   -7.0 -14.0 34.0 -14.0 2.0 6.0 -10.0 20.0 -22.0 39.0 15.0 21.0 2.0 -33.0 47.0 14.0 21.0 -7.0 4.0
 2016   09   2016.75     19   -79.0 54.0 -18.0 1.0 10.0 28.0 -12.0 -1.0 0.0 -2.0 13.0 8.0 18.0 18.0 12.0 -23.0 -55.0 -16.0 -19.0
 2016   10  2016.8333    14   -14.0 2.0 41.0 -24.0 2.0 30.0 27.0 -13.0 -7.0 48.0 22.0 48.0 -25.0 14.0
 2016   11  2016.9167    22   -25.0 11.0 -40.0 32.0 56.0 17.0 1.0 -12.0 8.0 25.0 8.0 -9.0 -10.0 -11.0 7.0 -11.0 -9.0 -25.0 11.0 2.0 -23.0 6.0
 2016   12    2017.0     15   -38.0 3.0 -5.0 16.0 21.0 84.0 -1.0 49.0 4.0 -5.0 31.0 6.0 1.0 0.0 -38.0
 2017   01  2017.0833    13   -13.0 -19.0 8.0 -18.0 20.0 24.0 11.0 -2.0 12.0 -36.0 0.0 3.0 10.0
 2017   02  2017.1667    20   76.0 72.0 30.0 -15.0 34.0 19.0 20.0 29.0 25.0 15.0 0.0 35.0 17.0 19.0 -22.0 31.0 45.0 -18.0 -4.0 -16.0
 2017   03   2017.25     12   -37.0 -26.0 5.0 1.0 9.0 67.0 28.0 16.0 -10.0 -12.0 1.0 -14.0
 2017   04  2017.3333    30   27.0 38.0 20.0 21.0 22.0 15.0 17.0 24.0 17.0 16.0 11.0 4.0 -16.0 9.0 39.0 36.0 -7.0 15.0 7.0 -21.0 21.0 24.0 63.0 5.0 35.0 83.0 27.0 2.0 -13.0 15.0
 2017   05  2017.4167    13   14.0 5.0 -31.0 -38.0 -9.0 -55.0 -40.0 24.0 8.0 9.0 31.0 -15.0 -13.0
 2017   06    2017.5     22   1.0 10.0 3.0 -7.0 15.0 -15.0 -24.0 5.0 5.0 3.0 -10.0 0.0 -9.0 -5.0 -14.0 -2.0 -7.0 7.0 40.0 -2.0 3.0 8.0
 2017   07  2017.5833    21   -2.0 -4.0 -7.0 3.0 -2.0 -10.0 -9.0 -9.0 21.0 18.0 0.0 13.0 24.0 -3.0 -11.0 -5.0 36.0 28.0 12.0 -3.0 31.0
 2017   08  2017.6667    14   25.0 32.0 28.0 -19.0 -6.0 0.0 6.0 8.0 -1.0 39.0 -24.0 -1.0 7.0 20.0
 2017   09   2017.75     22   -1.0 -37.0 -25.0 -16.0 -16.0 -11.0 -9.0 -16.0 -18.0 -8.0 -10.0 7.0 -34.0 -11.0 1.0 -13.0 3.0 -34.0 -9.0 -8.0 -5.0 -22.0
 2017   10  2017.8333    24   -10.0 -18.0 -1.0 11.0 32.0 13.0 1.0 -7.0 -10.0 28.0 35.0 15.0 27.0 44.0 25.0 50.0 24.0 4.0 -4.0 -4.0 -4.0 4.0 5.0 -8.0
 2017   11  2017.9167    11   -3.0 4.0 -20.0 37.0 -9.0 -13.0 -11.0 39.0 33.0 17.0 -6.0
 2017   12    2018.0     9    12.0 8.0 14.0 30.0 -11.0 -29.0 0.0 -38.0 -5.0
 2018   01  2018.0833    4    1.0 5.0 -19.0 -18.0
 2018   02  2018.1667    2    -7.0 25.0
 2018   03   2018.25     4    1.0 -4.0 -5.0 -7.0
 2018   04  2018.3333    3    -9.0 -23.0 5.0
 2018   05  2018.4167    5    -39.0 6.0 -13.0 2.0 0.0
 2018   06    2018.5     4    5.0 -14.0 19.0 -3.0
 2018   07  2018.5833    1    7.0
 2018   08  2018.6667    2    20.0 -2.0
 2018   09   2018.75     5    35.0 9.0 5.0 14.0 17.0
 2018   10  2018.8333    4    20.0 11.0 -5.0 -28.0
 2018   12    2019.0     4    2.0 -1.0 0.0 23.0
 2019   01  2019.0833    5    -34.0 -4.0 4.0 17.0 15.0
 2019   02  2019.1667    3    -16.0 3.0 -11.0
 2019   03   2019.25     7    -4.0 30.0 -12.0 16.0 6.0 39.0 -8.0
 2019   04  2019.3333    13   -19.0 -15.0 0.0 2.0 3.0 4.0 -49.0 15.0 -1.0 2.0 -1.0 -5.0 7.0
 2019   05  2019.4167    21   -31.0 4.0 -6.0 11.0 -28.0 0.0 23.0 26.0 37.0 -18.0 40.0 25.0 -24.0 -22.0 -9.0 -21.0 -2.0 -69.0 -3.0 -10.0 4.0
 2019   06    2019.5     3    -12.0 -12.0 3.0
 2019   07  2019.5833    5    -25.0 2.0 2.0 -19.0 -2.0
 2019   08  2019.6667    2    9.0 15.0
 2019   10  2019.8333    2    15.0 -11.0
 2019   12    2020.0     1    16.0
 2020   01  2020.0833    1    -3.0
 2020   03   2020.25     1    -12.0
 2020   04  2020.3333    1    6.0
 2020   05  2020.4167    3    10.0 -10.0 10.0
 2020   06    2020.5     8    11.0 8.0 -5.0 6.0 22.0 22.0 17.0 13.0
 2020   07  2020.5833    14   10.0 14.0 9.0 14.0 -15.0 14.0 -6.0 -10.0 -9.0 6.0 -5.0 85.0 2.0 -5.0
 2020   08  2020.6667    8    -8.0 -3.0 -10.0 -14.0 -2.0 9.0 1.0 12.0
 2020   09   2020.75     8    -6.0 6.0 -7.0 5.0 4.0 -1.0 3.0 20.0
 2020   10  2020.8333    10   9.0 9.0 18.0 24.0 -3.0 9.0 -45.0 -2.0 -3.0 12.0
 2020   11  2020.9167    26   -4.0 -8.0 0.0 -33.0 23.0 -15.0 -5.0 -42.0 6.0 -38.0 -34.0 -20.0 -12.0 -7.0 -45.0 -40.0 -37.0 -32.0 -41.0 33.0 -9.0 7.0 28.0 30.0 1.0 39.0
 2020   12    2021.0     7    -11.0 25.0 -10.0 -31.0 -31.0 14.0 -50.0
