2008.0   12.0      2009.0          19.0            13.0            6.0           0.1875     
2009.0   1.0     2009.0833         26.0            23.0            3.0           0.0612     
2009.0   2.0     2009.1667         39.0            29.0            10.0          0.1471     
2009.0   3.0      2009.25          53.0            42.0            11.0          0.1158     
2009.0   4.0     2009.3333         65.0            45.0            20.0          0.1818     
2009.0   5.0     2009.4167         73.0            56.0            17.0          0.1318     
2009.0   6.0       2009.5          86.0            65.0            21.0          0.1391     
2009.0   7.0     2009.5833         99.0            67.0            32.0          0.1928     
2009.0   8.0     2009.6667        106.0            78.0            28.0          0.1522     
2009.0   9.0      2009.75         122.0            91.0            31.0          0.1455     
2009.0   10.0    2009.8333        131.0           101.0            30.0          0.1293     
2009.0   11.0    2009.9167        144.0           106.0            38.0          0.152      
2009.0   12.0      2010.0         157.0           114.0            43.0          0.1587     
2010.0   1.0     2010.0833        166.0           130.0            36.0          0.1216     
2010.0   2.0     2010.1667        174.0           141.0            33.0          0.1048     
2010.0   3.0      2010.25         186.0           153.0            33.0          0.0973     
2010.0   4.0     2010.3333        201.0           173.0            28.0          0.0749     
2010.0   5.0     2010.4167        217.0           202.0            15.0          0.0358     
2010.0   6.0       2010.5         236.0           234.0            2.0           0.0043     
2010.0   7.0     2010.5833        250.0           257.0            -7.0         -0.0138     
2010.0   8.0     2010.6667        262.0           273.0           -11.0         -0.0206     
2010.0   9.0      2010.75         272.0           293.0           -21.0         -0.0372     
2010.0   10.0    2010.8333        282.0           305.0           -23.0         -0.0392     
2010.0   11.0    2010.9167        304.0           326.0           -22.0         -0.0349     
2010.0   12.0      2011.0         326.0           350.0           -24.0         -0.0355     
2011.0   1.0     2011.0833        334.0           366.0           -32.0         -0.0457     
2011.0   2.0     2011.1667        355.0           370.0           -15.0         -0.0207     
2011.0   3.0      2011.25         391.0           401.0           -10.0         -0.0126     
2011.0   4.0     2011.3333        440.0           432.0            8.0           0.0092     
2011.0   5.0     2011.4167        483.0           471.0            12.0          0.0126     
2011.0   6.0       2011.5         518.0           507.0            11.0          0.0107     
2011.0   7.0     2011.5833        549.0           527.0            22.0          0.0204     
2011.0   8.0     2011.6667        569.0           541.0            28.0          0.0252     
2011.0   9.0      2011.75         610.0           559.0            51.0          0.0436     
2011.0   10.0    2011.8333        645.0           600.0            45.0          0.0361     
2011.0   11.0    2011.9167        683.0           622.0            61.0          0.0467     
2011.0   12.0      2012.0         718.0           654.0            64.0          0.0466     
2012.0   1.0     2012.0833        748.0           672.0            76.0          0.0535     
2012.0   2.0     2012.1667        766.0           690.0            76.0          0.0522     
2012.0   3.0      2012.25         784.0           711.0            73.0          0.0488     
2012.0   4.0     2012.3333        805.0           753.0            52.0          0.0334     
2012.0   5.0     2012.4167        840.0           774.0            66.0          0.0409     
2012.0   6.0       2012.5         878.0           805.0            73.0          0.0434     
2012.0   7.0     2012.5833        899.0           843.0            56.0          0.0321     
2012.0   8.0     2012.6667        926.0           861.0            65.0          0.0364     
2012.0   9.0      2012.75         962.0           878.0            84.0          0.0457     
2012.0   10.0    2012.8333        983.0           897.0            86.0          0.0457     
2012.0   11.0    2012.9167        1017.0          922.0            95.0          0.049      
2012.0   12.0      2013.0         1054.0          966.0            88.0          0.0436     
2013.0   1.0     2013.0833        1112.0          999.0           113.0          0.0535     
2013.0   2.0     2013.1667        1147.0          1031.0          116.0          0.0533     
2013.0   3.0      2013.25         1165.0          1065.0          100.0          0.0448     
2013.0   4.0     2013.3333        1193.0          1101.0           92.0          0.0401     
2013.0   5.0     2013.4167        1231.0          1137.0           94.0          0.0397     
2013.0   6.0       2013.5         1239.0          1162.0           77.0          0.0321     
2013.0   7.0     2013.5833        1258.0          1183.0           75.0          0.0307     
2013.0   8.0     2013.6667        1268.0          1207.0           61.0          0.0246     
2013.0   9.0      2013.75         1280.0          1232.0           48.0          0.0191     
2013.0   10.0    2013.8333        1305.0          1265.0           40.0          0.0156     
2013.0   11.0    2013.9167        1321.0          1296.0           25.0          0.0096     
2013.0   12.0      2014.0         1337.0          1341.0           -4.0         -0.0015     
2014.0   1.0     2014.0833        1359.0          1360.0           -1.0         -0.0004     
2014.0   2.0     2014.1667        1384.0          1390.0           -6.0         -0.0022     
2014.0   3.0      2014.25         1410.0          1427.0          -17.0          -0.006     
2014.0   4.0     2014.3333        1457.0          1458.0           -1.0         -0.0003     
2014.0   5.0     2014.4167        1480.0          1505.0          -25.0         -0.0084     
2014.0   6.0       2014.5         1510.0          1556.0          -46.0          -0.015     
2014.0   7.0     2014.5833        1532.0          1598.0          -66.0         -0.0211     
2014.0   8.0     2014.6667        1566.0          1625.0          -59.0         -0.0185     
2014.0   9.0      2014.75         1596.0          1640.0          -44.0         -0.0136     
2014.0   10.0    2014.8333        1625.0          1660.0          -35.0         -0.0107     
2014.0   11.0    2014.9167        1672.0          1677.0           -5.0         -0.0015     
2014.0   12.0      2015.0         1713.0          1708.0           5.0           0.0015     
2015.0   1.0     2015.0833        1752.0          1735.0           17.0          0.0049     
2015.0   2.0     2015.1667        1778.0          1751.0           27.0          0.0077     
2015.0   3.0      2015.25         1813.0          1783.0           30.0          0.0083     
2015.0   4.0     2015.3333        1844.0          1813.0           31.0          0.0085     
2015.0   5.0     2015.4167        1868.0          1842.0           26.0          0.007      
2015.0   6.0       2015.5         1888.0          1878.0           10.0          0.0027     
2015.0   7.0     2015.5833        1918.0          1925.0           -7.0         -0.0018     
2015.0   8.0     2015.6667        1936.0          1976.0          -40.0         -0.0102     
2015.0   9.0      2015.75         1952.0          2028.0          -76.0         -0.0191     
2015.0   10.0    2015.8333        1971.0          2090.0          -119.0        -0.0293     
2015.0   11.0    2015.9167        1987.0          2133.0          -146.0        -0.0354     
2015.0   12.0      2016.0         2017.0          2165.0          -148.0        -0.0354     
2016.0   1.0     2016.0833        2041.0          2208.0          -167.0        -0.0393     
2016.0   2.0     2016.1667        2072.0          2242.0          -170.0        -0.0394     
2016.0   3.0      2016.25         2097.0          2280.0          -183.0        -0.0418     
2016.0   4.0     2016.3333        2120.0          2294.0          -174.0        -0.0394     
2016.0   5.0     2016.4167        2157.0          2323.0          -166.0        -0.0371     
2016.0   6.0       2016.5         2173.0          2343.0          -170.0        -0.0376     
2016.0   7.0     2016.5833        2201.0          2361.0          -160.0        -0.0351     
2016.0   8.0     2016.6667        2224.0          2375.0          -151.0        -0.0328     
2016.0   9.0      2016.75         2246.0          2384.0          -138.0        -0.0298     
2016.0   10.0    2016.8333        2270.0          2402.0          -132.0        -0.0283     
2016.0   11.0    2016.9167        2298.0          2428.0          -130.0        -0.0275     
2016.0   12.0      2017.0         2317.0          2446.0          -129.0        -0.0271     
2017.0   1.0     2017.0833        2336.0          2462.0          -126.0        -0.0263     
2017.0   2.0     2017.1667        2356.0          2474.0          -118.0        -0.0244     
2017.0   3.0      2017.25         2372.0          2483.0          -111.0        -0.0229     
2017.0   4.0     2017.3333        2400.0          2487.0          -87.0         -0.0178     
2017.0   5.0     2017.4167        2413.0          2499.0          -86.0         -0.0175     
2017.0   6.0       2017.5         2422.0          2508.0          -86.0         -0.0174     
2017.0   7.0     2017.5833        2438.0          2515.0          -77.0         -0.0155     
2017.0   8.0     2017.6667        2451.0          2524.0          -73.0         -0.0147     
2017.0   9.0      2017.75         2462.0          2540.0          -78.0         -0.0156     
2017.0   10.0    2017.8333        2481.0          2550.0          -69.0         -0.0137     
2017.0   11.0    2017.9167        2494.0          2558.0          -64.0         -0.0127     
2017.0   12.0      2018.0         2513.0          2566.0          -53.0         -0.0104     
2018.0   1.0     2018.0833        2522.0          2573.0          -51.0          -0.01      
2018.0   2.0     2018.1667        2529.0          2580.0          -51.0          -0.01      
2018.0   3.0      2018.25         2538.0          2592.0          -54.0         -0.0105     
2018.0   4.0     2018.3333        2544.0          2604.0          -60.0         -0.0117     
2018.0   5.0     2018.4167        2555.0          2610.0          -55.0         -0.0106     
2018.0   6.0       2018.5         2562.0          2621.0          -59.0         -0.0114     
2018.0   7.0     2018.5833        2573.0          2630.0          -57.0          -0.011     
2018.0   8.0     2018.6667        2591.0          2638.0          -47.0          -0.009     
2018.0   9.0      2018.75         2597.0          2647.0          -50.0         -0.0095     
2018.0   10.0    2018.8333        2606.0          2655.0          -49.0         -0.0093     
2018.0   11.0    2018.9167        2611.0          2664.0          -53.0          -0.01      
2018.0   12.0      2019.0         2613.0          2672.0          -59.0         -0.0112     
2019.0   1.0     2019.0833        2618.0          2681.0          -63.0         -0.0119     
2019.0   2.0     2019.1667        2621.0          2688.0          -67.0         -0.0126     
2019.0   3.0      2019.25         2629.0          2702.0          -73.0         -0.0137     
2019.0   4.0     2019.3333        2631.0          2704.0          -73.0         -0.0137     
2019.0   5.0     2019.4167        2644.0          2717.0          -73.0         -0.0136     
2019.0   6.0       2019.5         2648.0          2731.0          -83.0         -0.0154     
2019.0   7.0     2019.5833        2657.0          2744.0          -87.0         -0.0161     
2019.0   8.0     2019.6667        2665.0          2754.0          -89.0         -0.0164     
2019.0   9.0      2019.75         2670.0          2758.0          -88.0         -0.0162     
2019.0   10.0    2019.8333        2680.0          2772.0          -92.0         -0.0169     
2019.0   11.0    2019.9167        2684.0          2783.0          -99.0         -0.0181     
2019.0   12.0      2020.0         2695.0          2802.0          -107.0        -0.0195     
2020.0   1.0     2020.0833        2703.0          2816.0          -113.0        -0.0205     
2020.0   2.0     2020.1667        2703.0          2825.0          -122.0        -0.0221     
2020.0   3.0      2020.25         2707.0          2829.0          -122.0         -0.022     
2020.0   4.0     2020.3333        2712.0          2832.0          -120.0        -0.0216     
2020.0   5.0     2020.4167        2724.0          2848.0          -124.0        -0.0223     
2020.0   6.0       2020.5         2732.0          2860.0          -128.0        -0.0229     
2020.0   7.0     2020.5833        2738.0          2872.0          -134.0        -0.0239     
2020.0   8.0     2020.6667        2755.0          2888.0          -133.0        -0.0236     
2020.0   9.0      2020.75         2760.0          2895.0          -135.0        -0.0239     
2020.0   10.0    2020.8333        2772.0          2910.0          -138.0        -0.0243     
2020.0   11.0    2020.9167        2787.0          2924.0          -137.0         -0.024     
2020.0   12.0      2021.0         2802.0          2948.0          -146.0        -0.0254     
