  1996.0    1.0    1996.0833    0.0     0.0                0.0                           0.0              
  1996.0    3.0     1996.25     0.0     0.0                0.0                           0.0              
  1996.0    4.0    1996.3333    0.0     0.0                0.0                           0.0              
  1996.0    5.0    1996.4167    0.0     0.0                0.0                           0.0              
  1996.0    6.0      1996.5     0.0     0.0                0.0                           0.0              
  1996.0    7.0    1996.5833    0.0     0.0                0.0                           0.0              
  1996.0    8.0    1996.6667    0.0     0.0                0.0                           0.0              
  1996.0    9.0     1996.75     0.0     1.0                0.0                           1.0              
  1996.0    10.0   1996.8333    0.0     1.0                0.0                           2.0              
  1996.0    11.0   1996.9167    1.0     0.0                1.0                           2.0              
  1996.0    12.0     1997.0     0.0     0.0                1.0                           2.0              
  1997.0    1.0    1997.0833    0.0     0.0                1.0                           2.0              
  1997.0    2.0    1997.1667    0.0     1.0                1.0                           3.0              
  1997.0    3.0     1997.25     0.0     0.0                1.0                           3.0              
  1997.0    4.0    1997.3333    0.0     0.0                1.0                           3.0              
  1997.0    5.0    1997.4167    0.0     0.0                1.0                           3.0              
  1997.0    6.0      1997.5     0.0     0.0                1.0                           3.0              
  1997.0    7.0    1997.5833    0.0     0.0                1.0                           3.0              
  1997.0    8.0    1997.6667    1.0     0.0                2.0                           3.0              
  1997.0    9.0     1997.75     0.0     1.0                2.0                           4.0              
  1997.0    10.0   1997.8333    0.0     0.0                2.0                           4.0              
  1997.0    11.0   1997.9167    0.0     0.0                2.0                           4.0              
  1997.0    12.0     1998.0     1.0     1.0                3.0                           5.0              
  1998.0    1.0    1998.0833    3.0     0.0                6.0                           5.0              
  1998.0    2.0    1998.1667    2.0     0.0                8.0                           5.0              
  1998.0    3.0     1998.25     0.0     3.0                8.0                           8.0              
  1998.0    4.0    1998.3333    6.0     1.0                14.0                          9.0              
  1998.0    5.0    1998.4167    3.0     6.0                17.0                          15.0             
  1998.0    6.0      1998.5     2.0     6.0                19.0                          21.0             
  1998.0    10.0   1998.8333    1.0     1.0                20.0                          22.0             
  1998.0    11.0   1998.9167    4.0     6.0                24.0                          28.0             
  1998.0    12.0     1999.0     2.0     3.0                26.0                          31.0             
  1999.0    2.0    1999.1667    2.0     4.0                28.0                          35.0             
  1999.0    3.0     1999.25     12.0    7.0                40.0                          42.0             
  1999.0    4.0    1999.3333    7.0     4.0                47.0                          46.0             
  1999.0    5.0    1999.4167    8.0     1.0                55.0                          47.0             
  1999.0    6.0      1999.5     9.0     3.0                64.0                          50.0             
  1999.0    7.0    1999.5833    13.0    1.0                77.0                          51.0             
  1999.0    8.0    1999.6667    12.0    5.0                89.0                          56.0             
  1999.0    9.0     1999.75     17.0    2.0               106.0                          58.0             
  1999.0    10.0   1999.8333    4.0     2.0               110.0                          60.0             
  1999.0    11.0   1999.9167    2.0     4.0               112.0                          64.0             
  1999.0    12.0     2000.0     5.0     5.0               117.0                          69.0             
  2000.0    1.0    2000.0833    11.0    10.0              128.0                          79.0             
  2000.0    2.0    2000.1667    12.0    12.0              140.0                          91.0             
  2000.0    3.0     2000.25     14.0    13.0              154.0                         104.0             
  2000.0    4.0    2000.3333    10.0    15.0              164.0                         119.0             
  2000.0    5.0    2000.4167    12.0    16.0              176.0                         135.0             
  2000.0    6.0      2000.5     27.0    14.0              203.0                         149.0             
  2000.0    7.0    2000.5833    14.0    15.0              217.0                         164.0             
  2000.0    8.0    2000.6667    12.0    7.0               229.0                         171.0             
  2000.0    9.0     2000.75     18.0    9.0               247.0                         180.0             
  2000.0    10.0   2000.8333    3.0     13.0              250.0                         193.0             
  2000.0    11.0   2000.9167    10.0    8.0               260.0                         201.0             
  2000.0    12.0     2001.0     2.0     6.0               262.0                         207.0             
  2001.0    1.0    2001.0833    0.0     10.0              262.0                         217.0             
  2001.0    2.0    2001.1667    2.0     6.0               264.0                         223.0             
  2001.0    3.0     2001.25     8.0     12.0              272.0                         235.0             
  2001.0    4.0    2001.3333    6.0     18.0              278.0                         253.0             
  2001.0    5.0    2001.4167    6.0     11.0              284.0                         264.0             
  2001.0    6.0      2001.5     2.0     8.0               286.0                         272.0             
  2001.0    7.0    2001.5833    5.0     10.0              291.0                         282.0             
  2001.0    8.0    2001.6667    9.0     10.0              300.0                         292.0             
  2001.0    9.0     2001.75     6.0     9.0               306.0                         301.0             
  2001.0    10.0   2001.8333    10.0    8.0               316.0                         309.0             
  2001.0    11.0   2001.9167    7.0     5.0               323.0                         314.0             
  2001.0    12.0     2002.0     5.0     10.0              328.0                         324.0             
  2002.0    1.0    2002.0833    10.0    2.0               338.0                         326.0             
  2002.0    2.0    2002.1667    5.0     6.0               343.0                         332.0             
  2002.0    3.0     2002.25     8.0     16.0              351.0                         348.0             
  2002.0    4.0    2002.3333    7.0     30.0              358.0                         378.0             
  2002.0    5.0    2002.4167    3.0     6.0               361.0                         384.0             
  2002.0    6.0      2002.5     0.0     7.0               361.0                         391.0             
  2002.0    7.0    2002.5833    7.0     20.0              368.0                         411.0             
  2002.0    8.0    2002.6667    5.0     14.0              373.0                         425.0             
  2002.0    9.0     2002.75     4.0     12.0              377.0                         437.0             
  2002.0    10.0   2002.8333    6.0     17.0              383.0                         454.0             
  2002.0    11.0   2002.9167    11.0    13.0              394.0                         467.0             
  2002.0    12.0     2003.0     3.0     3.0               397.0                         470.0             
  2003.0    1.0    2003.0833    13.0    5.0               410.0                         475.0             
  2003.0    2.0    2003.1667    3.0     2.0               413.0                         477.0             
  2003.0    3.0     2003.25     5.0     3.0               418.0                         480.0             
  2003.0    4.0    2003.3333    4.0     7.0               422.0                         487.0             
  2003.0    5.0    2003.4167    7.0     8.0               429.0                         495.0             
  2003.0    6.0      2003.5     3.0     1.0               432.0                         496.0             
  2003.0    7.0    2003.5833    6.0     2.0               438.0                         498.0             
  2003.0    8.0    2003.6667    5.0     2.0               443.0                         500.0             
  2003.0    9.0     2003.75     7.0     8.0               450.0                         508.0             
  2003.0    10.0   2003.8333    4.0     2.0               454.0                         510.0             
  2003.0    11.0   2003.9167    0.0     2.0               454.0                         512.0             
  2003.0    12.0     2004.0     2.0     5.0               456.0                         517.0             
  2004.0    1.0    2004.0833    1.0     5.0               457.0                         522.0             
  2004.0    2.0    2004.1667    5.0     1.0               462.0                         523.0             
  2004.0    3.0     2004.25     4.0     1.0               466.0                         524.0             
  2004.0    4.0    2004.3333    2.0     3.0               468.0                         527.0             
  2004.0    5.0    2004.4167    5.0     2.0               473.0                         529.0             
  2004.0    6.0      2004.5     3.0     1.0               476.0                         530.0             
  2004.0    7.0    2004.5833    4.0     7.0               480.0                         537.0             
  2004.0    8.0    2004.6667    1.0     4.0               481.0                         541.0             
  2004.0    9.0     2004.75     0.0     2.0               481.0                         543.0             
  2004.0    10.0   2004.8333    5.0     2.0               486.0                         545.0             
  2004.0    11.0   2004.9167    4.0     1.0               490.0                         546.0             
  2004.0    12.0     2005.0     3.0     1.0               493.0                         547.0             
  2005.0    1.0    2005.0833    6.0     4.0               499.0                         551.0             
  2005.0    2.0    2005.1667    0.0     5.0               499.0                         556.0             
  2005.0    3.0     2005.25     1.0     1.0               500.0                         557.0             
  2005.0    4.0    2005.3333    3.0     5.0               503.0                         562.0             
  2005.0    5.0    2005.4167    2.0     2.0               505.0                         564.0             
  2005.0    6.0      2005.5     1.0     0.0               506.0                         564.0             
  2005.0    7.0    2005.5833    3.0     0.0               509.0                         564.0             
  2005.0    8.0    2005.6667    6.0     1.0               515.0                         565.0             
  2005.0    9.0     2005.75     0.0     5.0               515.0                         570.0             
  2005.0    10.0   2005.8333    1.0     4.0               516.0                         574.0             
  2005.0    11.0   2005.9167    2.0     5.0               518.0                         579.0             
  2005.0    12.0     2006.0     0.0     6.0               518.0                         585.0             
  2006.0    1.0    2006.0833    0.0     4.0               518.0                         589.0             
  2006.0    2.0    2006.1667    0.0     0.0               518.0                         589.0             
  2006.0    3.0     2006.25     1.0     0.0               519.0                         589.0             
  2006.0    4.0    2006.3333    0.0     1.0               519.0                         590.0             
  2006.0    5.0    2006.4167    0.0     0.0               519.0                         590.0             
  2006.0    6.0      2006.5     1.0     0.0               520.0                         590.0             
  2006.0    7.0    2006.5833    0.0     3.0               520.0                         593.0             
  2006.0    8.0    2006.6667    0.0     1.0               520.0                         594.0             
  2006.0    9.0     2006.75     0.0     0.0               520.0                         594.0             
  2006.0    10.0   2006.8333    0.0     1.0               520.0                         595.0             
  2006.0    11.0   2006.9167    1.0     2.0               521.0                         597.0             
  2006.0    12.0     2007.0     0.0     2.0               521.0                         599.0             
  2007.0    1.0    2007.0833    0.0     0.0               521.0                         599.0             
  2007.0    2.0    2007.1667    0.0     0.0               521.0                         599.0             
  2007.0    3.0     2007.25     0.0     0.0               521.0                         599.0             
  2007.0    4.0    2007.3333    0.0     0.0               521.0                         599.0             
  2007.0    5.0    2007.4167    0.0     1.0               521.0                         600.0             
  2007.0    6.0      2007.5     0.0     0.0               521.0                         600.0             
  2007.0    7.0    2007.5833    0.0     0.0               521.0                         600.0             
  2007.0    8.0    2007.6667    0.0     0.0               521.0                         600.0             
  2007.0    9.0     2007.75     0.0     0.0               521.0                         600.0             
  2007.0    10.0   2007.8333    0.0     0.0               521.0                         600.0             
  2007.0    11.0   2007.9167    0.0     0.0               521.0                         600.0             
  2007.0    12.0     2008.0     0.0     0.0               521.0                         600.0             
  2008.0    1.0    2008.0833    0.0     1.0               521.0                         601.0             
  2008.0    2.0    2008.1667    0.0     0.0               521.0                         601.0             
  2008.0    3.0     2008.25     0.0     0.0               521.0                         601.0             
  2008.0    4.0    2008.3333    0.0     0.0               521.0                         601.0             
  2008.0    5.0    2008.4167    0.0     0.0               521.0                         601.0             
  2008.0    6.0      2008.5     1.0     1.0               522.0                         602.0             
  2008.0    7.0    2008.5833    0.0     1.0               522.0                         603.0             
  2008.0    8.0    2008.6667    0.0     0.0               522.0                         603.0             
  2008.0    9.0     2008.75     1.0     0.0               523.0                         603.0             
  2008.0    10.0   2008.8333    0.0     0.0               523.0                         603.0             
  2008.0    11.0   2008.9167    0.0     0.0               523.0                         603.0             
