 1996    01    1996.0833     0      0     0.0     0.0     
 1996    03     1996.25      1      3     -2.0    -0.5    
 1996    04    1996.3333     0      2     -2.0    -1.0    
 1996    05    1996.4167     0      0     0.0     0.0     
 1996    06      1996.5      0      0     0.0     0.0     
 1996    07    1996.5833     1      3     -2.0    -0.5    
 1996    08    1996.6667     2      5     -3.0  -0.4286   
 1996    09     1996.75      4      1     3.0     0.6     
 1996    10    1996.8333     4      3     1.0    0.1429   
 1996    11    1996.9167     1      4     -3.0    -0.6    
 1996    12      1997.0      5      4     1.0    0.1111   
 1997    01    1997.0833     1      4     -3.0    -0.6    
 1997    02    1997.1667     1      4     -3.0    -0.6    
 1997    03     1997.25      1      4     -3.0    -0.6    
 1997    04    1997.3333     3      4     -1.0  -0.1429   
 1997    05    1997.4167     3      1     2.0     0.5     
 1997    06      1997.5      5      2     3.0    0.4286   
 1997    07    1997.5833     6      2     4.0     0.5     
 1997    08    1997.6667     3      2     1.0     0.2     
 1997    09     1997.75      9      6     3.0     0.2     
 1997    10    1997.8333     7      4     3.0    0.2727   
 1997    11    1997.9167     10     7     3.0    0.1765   
 1997    12      1998.0      1      2     -1.0  -0.3333   
 1998    01    1998.0833     10     6     4.0     0.25    
 1998    02    1998.1667     23     13    10.0   0.2778   
 1998    03     1998.25      12     13    -1.0   -0.04    
 1998    04    1998.3333     19     16    3.0    0.0857   
 1998    05    1998.4167     19     21    -2.0   -0.05    
 1998    06      1998.5      23     28    -5.0   -0.098   
 1998    10    1998.8333     11     7     4.0    0.2222   
 1998    11    1998.9167     21     17    4.0    0.1053   
 1998    12      1999.0      12     8     4.0     0.2     
 1999    02    1999.1667     7      11    -4.0  -0.2222   
 1999    03     1999.25      17     20    -3.0  -0.0811   
 1999    04    1999.3333     19     19    0.0     0.0     
 1999    05    1999.4167     24     12    12.0   0.3333   
 1999    06      1999.5      25     19    6.0    0.1364   
 1999    07    1999.5833     23     12    11.0   0.3143   
 1999    08    1999.6667     23     15    8.0    0.2105   
 1999    09     1999.75      19     12    7.0    0.2258   
 1999    10    1999.8333     16     10    6.0    0.2308   
 1999    11    1999.9167     7      10    -3.0  -0.1765   
 1999    12      2000.0      10     11    -1.0  -0.0476   
 2000    01    2000.0833     13     14    -1.0   -0.037   
 2000    02    2000.1667     25     29    -4.0  -0.0741   
 2000    03     2000.25      20     44   -24.0   -0.375   
 2000    04    2000.3333     28     27    1.0    0.0182   
 2000    05    2000.4167     31     32    -1.0  -0.0159   
 2000    06      2000.5      43     17    26.0   0.4333   
 2000    07    2000.5833     33     26    7.0    0.1186   
 2000    08    2000.6667     21     18    3.0    0.0769   
 2000    09     2000.75      21     13    8.0    0.2353   
 2000    10    2000.8333     17     16    1.0    0.0303   
 2000    11    2000.9167     16     22    -6.0  -0.1579   
 2000    12      2001.0      20     14    6.0    0.1765   
 2001    01    2001.0833     20     17    3.0    0.0811   
 2001    02    2001.1667     16     12    4.0    0.1429   
 2001    03     2001.25      21     35   -14.0   -0.25    
 2001    04    2001.3333     22     18    4.0     0.1     
 2001    05    2001.4167     16     21    -5.0  -0.1351   
 2001    06      2001.5      29     21    8.0     0.16    
 2001    07    2001.5833     12     24   -12.0  -0.3333   
 2001    08    2001.6667     27     33    -6.0    -0.1    
 2001    09     2001.75      21     31   -10.0  -0.1923   
 2001    10    2001.8333     32     29    3.0    0.0492   
 2001    11    2001.9167     23     17    6.0     0.15    
 2001    12      2002.0      34     22    12.0   0.2143   
 2002    01    2002.0833     21     16    5.0    0.1351   
 2002    02    2002.1667     11     17    -6.0  -0.2143   
 2002    03     2002.25      14     37   -23.0   -0.451   
 2002    04    2002.3333     15     33   -18.0   -0.375   
 2002    05    2002.4167     26     31    -5.0  -0.0877   
 2002    06      2002.5      17     11    6.0    0.2143   
 2002    07    2002.5833     23     24    -1.0  -0.0213   
 2002    08    2002.6667     23     45   -22.0  -0.3235   
 2002    09     2002.75      29     22    7.0    0.1373   
 2002    10    2002.8333     30     28    2.0    0.0345   
 2002    11    2002.9167     22     28    -6.0   -0.12    
 2002    12      2003.0      13     16    -3.0  -0.1034   
 2003    01    2003.0833     20     18    2.0    0.0526   
 2003    02    2003.1667     12     9     3.0    0.1429   
 2003    03     2003.25      17     11    6.0    0.2143   
 2003    04    2003.3333     31     18    13.0   0.2653   
 2003    05    2003.4167     15     7     8.0    0.3636   
 2003    06      2003.5      15     6     9.0    0.4286   
 2003    07    2003.5833     13     5     8.0    0.4444   
 2003    08    2003.6667     18     17    1.0    0.0286   
 2003    09     2003.75      8      11    -3.0  -0.1579   
 2003    10    2003.8333     28     24    4.0    0.0769   
 2003    11    2003.9167     12     22   -10.0  -0.2941   
 2003    12      2004.0      5      9     -4.0  -0.2857   
 2004    01    2004.0833     14     18    -4.0   -0.125   
 2004    02    2004.1667     3      9     -6.0    -0.5    
 2004    03     2004.25      8      19   -11.0  -0.4074   
 2004    04    2004.3333     8      12    -4.0    -0.2    
 2004    05    2004.4167     4      25   -21.0  -0.7241   
 2004    06      2004.5      19     10    9.0    0.3103   
 2004    07    2004.5833     16     20    -4.0  -0.1111   
 2004    08    2004.6667     13     8     5.0    0.2381   
 2004    09     2004.75      4      13    -9.0  -0.5294   
 2004    10    2004.8333     23     19    4.0    0.0952   
 2004    11    2004.9167     9      14    -5.0  -0.2174   
 2004    12      2005.0      11     17    -6.0  -0.2143   
 2005    01    2005.0833     15     20    -5.0  -0.1429   
 2005    02    2005.1667     4      12    -8.0    -0.5    
 2005    03     2005.25      8      13    -5.0  -0.2381   
 2005    04    2005.3333     6      23   -17.0  -0.5862   
 2005    05    2005.4167     20     28    -8.0  -0.1667   
 2005    06      2005.5      15     12    3.0    0.1111   
 2005    07    2005.5833     38     21    17.0   0.2881   
 2005    08    2005.6667     21     19    2.0     0.05    
 2005    09     2005.75      14     13    1.0    0.037    
 2005    10    2005.8333     9      10    -1.0  -0.0526   
 2005    11    2005.9167     7      11    -4.0  -0.2222   
 2005    12      2006.0      16     14    2.0    0.0667   
 2006    01    2006.0833     7      6     1.0    0.0769   
 2006    02    2006.1667     0      5     -5.0    -1.0    
 2006    03     2006.25      5      5     0.0     0.0     
 2006    04    2006.3333     4      10    -6.0  -0.4286   
 2006    05    2006.4167     3      15   -12.0  -0.6667   
 2006    06      2006.5      1      9     -8.0    -0.8    
 2006    07    2006.5833     2      4     -2.0  -0.3333   
 2006    08    2006.6667     1      3     -2.0    -0.5    
 2006    09     2006.75      0      4     -4.0    -1.0    
 2006    10    2006.8333     3      14   -11.0  -0.6471   
 2006    11    2006.9167     12     22   -10.0  -0.2941   
 2006    12      2007.0      7      11    -4.0  -0.2222   
 2007    01    2007.0833     14     9     5.0    0.2174   
 2007    02    2007.1667     3      6     -3.0  -0.3333   
 2007    03     2007.25      8      5     3.0    0.2308   
 2007    04    2007.3333     3      3     0.0     0.0     
 2007    05    2007.4167     9      4     5.0    0.3846   
 2007    06      2007.5      9      6     3.0     0.2     
 2007    07    2007.5833     6      5     1.0    0.0909   
 2007    08    2007.6667     4      11    -7.0  -0.4667   
 2007    09     2007.75      2      3     -1.0    -0.2    
 2007    10    2007.8333     2      0     2.0     1.0     
 2007    11    2007.9167     1      1     0.0     0.0     
 2007    12      2008.0      1      2     -1.0  -0.3333   
 2008    01    2008.0833     2      1     1.0    0.3333   
 2008    02    2008.1667     3      2     1.0     0.2     
 2008    03     2008.25      2      2     0.0     0.0     
 2008    04    2008.3333     4      6     -2.0    -0.2    
 2008    05    2008.4167     0      4     -4.0    -1.0    
 2008    06      2008.5      2      3     -1.0    -0.2    
 2008    07    2008.5833     3      3     0.0     0.0     
 2008    08    2008.6667     1      2     -1.0  -0.3333   
 2008    09     2008.75      0      1     -1.0    -1.0    
 2008    10    2008.8333     2      4     -2.0  -0.3333   
 2008    11    2008.9167     6      0     6.0     1.0     
 2008    12      2009.0      2      2     0.0     0.0     
 2009    01    2009.0833     3      2     1.0     0.2     
 2009    02    2009.1667     3      1     2.0     0.5     
 2009    03     2009.25      1      1     0.0     0.0     
 2009    04    2009.3333     3      0     3.0     1.0     
 2009    05    2009.4167     4      3     1.0    0.1429   
 2009    06      2009.5      4      5     -1.0  -0.1111   
 2009    07    2009.5833     5      2     3.0    0.4286   
 2009    08    2009.6667     3      1     2.0     0.5     
 2009    09     2009.75      2      4     -2.0  -0.3333   
 2009    10    2009.8333     2      3     -1.0    -0.2    
 2009    11    2009.9167     3      4     -1.0  -0.1429   
 2009    12      2010.0      3      4     -1.0  -0.1429   
 2010    01    2010.0833     2      5     -3.0  -0.4286   
 2010    02    2010.1667     13     8     5.0    0.2381   
 2010    03     2010.25      8      9     -1.0  -0.0588   
 2010    04    2010.3333     6      9     -3.0    -0.2    
 2010    05    2010.4167     5      8     -3.0  -0.2308   
 2010    06      2010.5      14     7     7.0    0.3333   
 2010    07    2010.5833     7      5     2.0    0.1667   
 2010    08    2010.6667     10     14    -4.0  -0.1667   
 2010    09     2010.75      6      8     -2.0  -0.1429   
 2010    10    2010.8333     7      4     3.0    0.2727   
 2010    11    2010.9167     7      17   -10.0  -0.4167   
 2010    12      2011.0      8      7     1.0    0.0667   
 2011    01    2011.0833     12     7     5.0    0.2632   
 2011    02    2011.1667     5      2     3.0    0.4286   
 2011    03     2011.25      14     12    2.0    0.0769   
 2011    04    2011.3333     7      9     -2.0   -0.125   
 2011    05    2011.4167     16     12    4.0    0.1429   
 2011    06      2011.5      10     11    -1.0  -0.0476   
 2011    07    2011.5833     7      4     3.0    0.2727   
 2011    08    2011.6667     14     5     9.0    0.4737   
 2011    09     2011.75      29     21    8.0     0.16    
 2011    10    2011.8333     15     8     7.0    0.3043   
 2011    11    2011.9167     29     5     24.0   0.7059   
 2011    12      2012.0      17     21    -4.0  -0.1053   
 2012    01    2012.0833     12     7     5.0    0.2632   
 2012    02    2012.1667     8      4     4.0    0.3333   
 2012    03     2012.25      11     7     4.0    0.2222   
 2012    04    2012.3333     12     19    -7.0  -0.2258   
 2012    05    2012.4167     8      17    -9.0   -0.36    
 2012    06      2012.5      16     22    -6.0  -0.1579   
 2012    07    2012.5833     12     21    -9.0  -0.2727   
 2012    08    2012.6667     25     12    13.0   0.3514   
 2012    09     2012.75      16     2     14.0   0.7778   
 2012    10    2012.8333     10     9     1.0    0.0526   
 2012    11    2012.9167     15     11    4.0    0.1538   
 2012    12      2013.0      8      10    -2.0  -0.1111   
 2013    01    2013.0833     16     11    5.0    0.1852   
 2013    02    2013.1667     11     8     3.0    0.1579   
 2013    03     2013.25      7      14    -7.0  -0.3333   
 2013    04    2013.3333     9      18    -9.0  -0.3333   
 2013    05    2013.4167     13     12    1.0     0.04    
 2013    06      2013.5      3      18   -15.0  -0.7143   
 2013    07    2013.5833     5      7     -2.0  -0.1667   
 2013    08    2013.6667     6      17   -11.0  -0.4783   
 2013    09     2013.75      7      13    -6.0    -0.3    
 2013    10    2013.8333     26     12    14.0   0.3684   
 2013    11    2013.9167     9      18    -9.0  -0.3333   
 2013    12      2014.0      7      16    -9.0  -0.3913   
 2014    01    2014.0833     18     31   -13.0  -0.2653   
 2014    02    2014.1667     9      12    -3.0  -0.1429   
 2014    03     2014.25      18     10    8.0    0.2857   
 2014    04    2014.3333     12     17    -5.0  -0.1724   
 2014    05    2014.4167     25     19    6.0    0.1364   
 2014    06      2014.5      16     26   -10.0  -0.2381   
 2014    07    2014.5833     11     13    -2.0  -0.0833   
 2014    08    2014.6667     12     7     5.0    0.2632   
 2014    09     2014.75      13     8     5.0    0.2381   
 2014    10    2014.8333     16     3     13.0   0.6842   
 2014    11    2014.9167     27     7     20.0   0.5882   
 2014    12      2015.0      12     6     6.0    0.3333   
 2015    01    2015.0833     7      5     2.0    0.1667   
 2015    02    2015.1667     7      9     -2.0   -0.125   
 2015    03     2015.25      17     6     11.0   0.4783   
 2015    04    2015.3333     17     8     9.0     0.36    
 2015    05    2015.4167     20     12    8.0     0.25    
 2015    06      2015.5      7      9     -2.0   -0.125   
 2015    07    2015.5833     12     10    2.0    0.0909   
 2015    08    2015.6667     6      13    -7.0  -0.3684   
 2015    09     2015.75      6      23   -17.0  -0.5862   
 2015    10    2015.8333     14     13    1.0    0.037    
 2015    11    2015.9167     10     16    -6.0  -0.2308   
 2015    12      2016.0      7      12    -5.0  -0.2632   
 2016    01    2016.0833     5      17   -12.0  -0.5455   
 2016    02    2016.1667     7      11    -4.0  -0.2222   
 2016    03     2016.25      8      11    -3.0  -0.1579   
 2016    04    2016.3333     12     7     5.0    0.2632   
 2016    05    2016.4167     10     9     1.0    0.0526   
 2016    06      2016.5      11     5     6.0    0.375    
 2016    07    2016.5833     8      7     1.0    0.0667   
 2016    08    2016.6667     7      5     2.0    0.1667   
 2016    09     2016.75      6      5     1.0    0.0909   
 2016    10    2016.8333     4      4     0.0     0.0     
 2016    11    2016.9167     5      8     -3.0  -0.2308   
 2016    12      2017.0      3      2     1.0     0.2     
 2017    01    2017.0833     5      4     1.0    0.1111   
 2017    02    2017.1667     11     4     7.0    0.4667   
 2017    03     2017.25      2      5     -3.0  -0.4286   
 2017    04    2017.3333     19     3     16.0   0.7273   
 2017    05    2017.4167     3      5     -2.0   -0.25    
 2017    06      2017.5      3      4     -1.0  -0.1429   
 2017    07    2017.5833     8      2     6.0     0.6     
 2017    08    2017.6667     5      2     3.0    0.4286   
 2017    09     2017.75      0      13   -13.0    -1.0    
 2017    10    2017.8333     9      3     6.0     0.5     
 2017    11    2017.9167     4      3     1.0    0.1429   
 2017    12      2018.0      3      3     0.0     0.0     
 2018    01    2018.0833     0      2     -2.0    -1.0    
 2018    02    2018.1667     1      0     1.0     1.0     
 2018    03     2018.25      0      0     0.0     0.0     
 2018    04    2018.3333     0      1     -1.0    -1.0    
 2018    05    2018.4167     0      2     -2.0    -1.0    
 2018    06      2018.5      1      1     0.0     0.0     
 2018    07    2018.5833     0      0     0.0     0.0     
 2018    08    2018.6667     1      0     1.0     1.0     
 2018    09     2018.75      3      0     3.0     1.0     
 2018    10    2018.8333     2      1     1.0    0.3333   
 2018    12      2019.0      1      0     1.0     1.0     
 2019    01    2019.0833     2      1     1.0    0.3333   
 2019    02    2019.1667     0      2     -2.0    -1.0    
 2019    03     2019.25      3      1     2.0     0.5     
 2019    04    2019.3333     1      2     -1.0  -0.3333   
 2019    05    2019.4167     6      7     -1.0  -0.0769   
 2019    06      2019.5      0      2     -2.0    -1.0    
 2019    07    2019.5833     0      2     -2.0    -1.0    
 2019    08    2019.6667     1      0     1.0     1.0     
 2019    10    2019.8333     1      1     0.0     0.0     
 2019    12      2020.0      1      0     1.0     1.0     
 2020    01    2020.0833     0      0     0.0     0.0     
 2020    03     2020.25      0      1     -1.0    -1.0    
 2020    04    2020.3333     0      0     0.0     0.0     
 2020    05    2020.4167     2      1     1.0    0.3333   
 2020    06      2020.5      5      0     5.0     1.0     
 2020    07    2020.5833     4      2     2.0    0.3333   
 2020    08    2020.6667     1      2     -1.0  -0.3333   
 2020    09     2020.75      1      0     1.0     1.0     
 2020    10    2020.8333     3      0     3.0     1.0     
 2020    11    2020.9167     5      9     -4.0  -0.2857   
 2020    12      2021.0      2      4     -2.0  -0.3333   
