  1996.0    1.0    1996.0833    0.0     0.0                0.0                           0.0              
  1996.0    3.0     1996.25     1.0     3.0                1.0                           3.0              
  1996.0    4.0    1996.3333    0.0     2.0                1.0                           5.0              
  1996.0    5.0    1996.4167    0.0     0.0                1.0                           5.0              
  1996.0    6.0      1996.5     0.0     0.0                1.0                           5.0              
  1996.0    7.0    1996.5833    1.0     3.0                2.0                           8.0              
  1996.0    8.0    1996.6667    2.0     5.0                4.0                           13.0             
  1996.0    9.0     1996.75     4.0     1.0                8.0                           14.0             
  1996.0    10.0   1996.8333    4.0     3.0                12.0                          17.0             
  1996.0    11.0   1996.9167    1.0     4.0                13.0                          21.0             
  1996.0    12.0     1997.0     5.0     4.0                18.0                          25.0             
  1997.0    1.0    1997.0833    1.0     4.0                19.0                          29.0             
  1997.0    2.0    1997.1667    1.0     4.0                20.0                          33.0             
  1997.0    3.0     1997.25     1.0     4.0                21.0                          37.0             
  1997.0    4.0    1997.3333    3.0     4.0                24.0                          41.0             
  1997.0    5.0    1997.4167    3.0     1.0                27.0                          42.0             
  1997.0    6.0      1997.5     5.0     2.0                32.0                          44.0             
  1997.0    7.0    1997.5833    6.0     2.0                38.0                          46.0             
  1997.0    8.0    1997.6667    3.0     2.0                41.0                          48.0             
  1997.0    9.0     1997.75     9.0     6.0                50.0                          54.0             
  1997.0    10.0   1997.8333    7.0     4.0                57.0                          58.0             
  1997.0    11.0   1997.9167    10.0    7.0                67.0                          65.0             
  1997.0    12.0     1998.0     1.0     2.0                68.0                          67.0             
  1998.0    1.0    1998.0833    10.0    6.0                78.0                          73.0             
  1998.0    2.0    1998.1667    23.0    13.0              101.0                          86.0             
  1998.0    3.0     1998.25     12.0    13.0              113.0                          99.0             
  1998.0    4.0    1998.3333    19.0    16.0              132.0                         115.0             
  1998.0    5.0    1998.4167    19.0    21.0              151.0                         136.0             
  1998.0    6.0      1998.5     23.0    28.0              174.0                         164.0             
  1998.0    10.0   1998.8333    11.0    7.0               185.0                         171.0             
  1998.0    11.0   1998.9167    21.0    17.0              206.0                         188.0             
  1998.0    12.0     1999.0     12.0    8.0               218.0                         196.0             
  1999.0    2.0    1999.1667    7.0     11.0              225.0                         207.0             
  1999.0    3.0     1999.25     17.0    20.0              242.0                         227.0             
  1999.0    4.0    1999.3333    19.0    19.0              261.0                         246.0             
  1999.0    5.0    1999.4167    24.0    12.0              285.0                         258.0             
  1999.0    6.0      1999.5     25.0    19.0              310.0                         277.0             
  1999.0    7.0    1999.5833    23.0    12.0              333.0                         289.0             
  1999.0    8.0    1999.6667    23.0    15.0              356.0                         304.0             
  1999.0    9.0     1999.75     19.0    12.0              375.0                         316.0             
  1999.0    10.0   1999.8333    16.0    10.0              391.0                         326.0             
  1999.0    11.0   1999.9167    7.0     10.0              398.0                         336.0             
  1999.0    12.0     2000.0     10.0    11.0              408.0                         347.0             
  2000.0    1.0    2000.0833    13.0    14.0              421.0                         361.0             
  2000.0    2.0    2000.1667    25.0    29.0              446.0                         390.0             
  2000.0    3.0     2000.25     20.0    44.0              466.0                         434.0             
  2000.0    4.0    2000.3333    28.0    27.0              494.0                         461.0             
  2000.0    5.0    2000.4167    31.0    32.0              525.0                         493.0             
  2000.0    6.0      2000.5     43.0    17.0              568.0                         510.0             
  2000.0    7.0    2000.5833    33.0    26.0              601.0                         536.0             
  2000.0    8.0    2000.6667    21.0    18.0              622.0                         554.0             
  2000.0    9.0     2000.75     21.0    13.0              643.0                         567.0             
  2000.0    10.0   2000.8333    17.0    16.0              660.0                         583.0             
  2000.0    11.0   2000.9167    16.0    22.0              676.0                         605.0             
  2000.0    12.0     2001.0     20.0    14.0              696.0                         619.0             
  2001.0    1.0    2001.0833    20.0    17.0              716.0                         636.0             
  2001.0    2.0    2001.1667    16.0    12.0              732.0                         648.0             
  2001.0    3.0     2001.25     21.0    35.0              753.0                         683.0             
  2001.0    4.0    2001.3333    22.0    18.0              775.0                         701.0             
  2001.0    5.0    2001.4167    16.0    21.0              791.0                         722.0             
  2001.0    6.0      2001.5     29.0    21.0              820.0                         743.0             
  2001.0    7.0    2001.5833    12.0    24.0              832.0                         767.0             
  2001.0    8.0    2001.6667    27.0    33.0              859.0                         800.0             
  2001.0    9.0     2001.75     21.0    31.0              880.0                         831.0             
  2001.0    10.0   2001.8333    32.0    29.0              912.0                         860.0             
  2001.0    11.0   2001.9167    23.0    17.0              935.0                         877.0             
  2001.0    12.0     2002.0     34.0    22.0              969.0                         899.0             
  2002.0    1.0    2002.0833    21.0    16.0              990.0                         915.0             
  2002.0    2.0    2002.1667    11.0    17.0              1001.0                        932.0             
  2002.0    3.0     2002.25     14.0    37.0              1015.0                        969.0             
  2002.0    4.0    2002.3333    15.0    33.0              1030.0                        1002.0            
  2002.0    5.0    2002.4167    26.0    31.0              1056.0                        1033.0            
  2002.0    6.0      2002.5     17.0    11.0              1073.0                        1044.0            
  2002.0    7.0    2002.5833    23.0    24.0              1096.0                        1068.0            
  2002.0    8.0    2002.6667    23.0    45.0              1119.0                        1113.0            
  2002.0    9.0     2002.75     29.0    22.0              1148.0                        1135.0            
  2002.0    10.0   2002.8333    30.0    28.0              1178.0                        1163.0            
  2002.0    11.0   2002.9167    22.0    28.0              1200.0                        1191.0            
  2002.0    12.0     2003.0     13.0    16.0              1213.0                        1207.0            
  2003.0    1.0    2003.0833    20.0    18.0              1233.0                        1225.0            
  2003.0    2.0    2003.1667    12.0    9.0               1245.0                        1234.0            
  2003.0    3.0     2003.25     17.0    11.0              1262.0                        1245.0            
  2003.0    4.0    2003.3333    31.0    18.0              1293.0                        1263.0            
  2003.0    5.0    2003.4167    15.0    7.0               1308.0                        1270.0            
  2003.0    6.0      2003.5     15.0    6.0               1323.0                        1276.0            
  2003.0    7.0    2003.5833    13.0    5.0               1336.0                        1281.0            
  2003.0    8.0    2003.6667    18.0    17.0              1354.0                        1298.0            
  2003.0    9.0     2003.75     8.0     11.0              1362.0                        1309.0            
  2003.0    10.0   2003.8333    28.0    24.0              1390.0                        1333.0            
  2003.0    11.0   2003.9167    12.0    22.0              1402.0                        1355.0            
  2003.0    12.0     2004.0     5.0     9.0               1407.0                        1364.0            
  2004.0    1.0    2004.0833    14.0    18.0              1421.0                        1382.0            
  2004.0    2.0    2004.1667    3.0     9.0               1424.0                        1391.0            
  2004.0    3.0     2004.25     8.0     19.0              1432.0                        1410.0            
  2004.0    4.0    2004.3333    8.0     12.0              1440.0                        1422.0            
  2004.0    5.0    2004.4167    4.0     25.0              1444.0                        1447.0            
  2004.0    6.0      2004.5     19.0    10.0              1463.0                        1457.0            
  2004.0    7.0    2004.5833    16.0    20.0              1479.0                        1477.0            
  2004.0    8.0    2004.6667    13.0    8.0               1492.0                        1485.0            
  2004.0    9.0     2004.75     4.0     13.0              1496.0                        1498.0            
  2004.0    10.0   2004.8333    23.0    19.0              1519.0                        1517.0            
  2004.0    11.0   2004.9167    9.0     14.0              1528.0                        1531.0            
  2004.0    12.0     2005.0     11.0    17.0              1539.0                        1548.0            
  2005.0    1.0    2005.0833    15.0    20.0              1554.0                        1568.0            
  2005.0    2.0    2005.1667    4.0     12.0              1558.0                        1580.0            
  2005.0    3.0     2005.25     8.0     13.0              1566.0                        1593.0            
  2005.0    4.0    2005.3333    6.0     23.0              1572.0                        1616.0            
  2005.0    5.0    2005.4167    20.0    28.0              1592.0                        1644.0            
  2005.0    6.0      2005.5     15.0    12.0              1607.0                        1656.0            
  2005.0    7.0    2005.5833    38.0    21.0              1645.0                        1677.0            
  2005.0    8.0    2005.6667    21.0    19.0              1666.0                        1696.0            
  2005.0    9.0     2005.75     14.0    13.0              1680.0                        1709.0            
  2005.0    10.0   2005.8333    9.0     10.0              1689.0                        1719.0            
  2005.0    11.0   2005.9167    7.0     11.0              1696.0                        1730.0            
  2005.0    12.0     2006.0     16.0    14.0              1712.0                        1744.0            
  2006.0    1.0    2006.0833    7.0     6.0               1719.0                        1750.0            
  2006.0    2.0    2006.1667    0.0     5.0               1719.0                        1755.0            
  2006.0    3.0     2006.25     5.0     5.0               1724.0                        1760.0            
  2006.0    4.0    2006.3333    4.0     10.0              1728.0                        1770.0            
  2006.0    5.0    2006.4167    3.0     15.0              1731.0                        1785.0            
  2006.0    6.0      2006.5     1.0     9.0               1732.0                        1794.0            
  2006.0    7.0    2006.5833    2.0     4.0               1734.0                        1798.0            
  2006.0    8.0    2006.6667    1.0     3.0               1735.0                        1801.0            
  2006.0    9.0     2006.75     0.0     4.0               1735.0                        1805.0            
  2006.0    10.0   2006.8333    3.0     14.0              1738.0                        1819.0            
  2006.0    11.0   2006.9167    12.0    22.0              1750.0                        1841.0            
  2006.0    12.0     2007.0     7.0     11.0              1757.0                        1852.0            
  2007.0    1.0    2007.0833    14.0    9.0               1771.0                        1861.0            
  2007.0    2.0    2007.1667    3.0     6.0               1774.0                        1867.0            
  2007.0    3.0     2007.25     8.0     5.0               1782.0                        1872.0            
  2007.0    4.0    2007.3333    3.0     3.0               1785.0                        1875.0            
  2007.0    5.0    2007.4167    9.0     4.0               1794.0                        1879.0            
  2007.0    6.0      2007.5     9.0     6.0               1803.0                        1885.0            
  2007.0    7.0    2007.5833    6.0     5.0               1809.0                        1890.0            
  2007.0    8.0    2007.6667    4.0     11.0              1813.0                        1901.0            
  2007.0    9.0     2007.75     2.0     3.0               1815.0                        1904.0            
  2007.0    10.0   2007.8333    2.0     0.0               1817.0                        1904.0            
  2007.0    11.0   2007.9167    1.0     1.0               1818.0                        1905.0            
  2007.0    12.0     2008.0     1.0     2.0               1819.0                        1907.0            
  2008.0    1.0    2008.0833    2.0     1.0               1821.0                        1908.0            
  2008.0    2.0    2008.1667    3.0     2.0               1824.0                        1910.0            
  2008.0    3.0     2008.25     2.0     2.0               1826.0                        1912.0            
  2008.0    4.0    2008.3333    4.0     6.0               1830.0                        1918.0            
  2008.0    5.0    2008.4167    0.0     4.0               1830.0                        1922.0            
  2008.0    6.0      2008.5     2.0     3.0               1832.0                        1925.0            
  2008.0    7.0    2008.5833    3.0     3.0               1835.0                        1928.0            
  2008.0    8.0    2008.6667    1.0     2.0               1836.0                        1930.0            
  2008.0    9.0     2008.75     0.0     1.0               1836.0                        1931.0            
  2008.0    10.0   2008.8333    2.0     4.0               1838.0                        1935.0            
  2008.0    11.0   2008.9167    6.0     0.0               1844.0                        1935.0            
