  2008.0    12.0     2009.0     0.0     0.0                0.0                           0.0              
  2009.0    1.0    2009.0833    0.0     0.0                0.0                           0.0              
  2009.0    2.0    2009.1667    0.0     0.0                0.0                           0.0              
  2009.0    3.0     2009.25     0.0     1.0                0.0                           1.0              
  2009.0    4.0    2009.3333    0.0     0.0                0.0                           1.0              
  2009.0    5.0    2009.4167    0.0     0.0                0.0                           1.0              
  2009.0    6.0      2009.5     0.0     0.0                0.0                           1.0              
  2009.0    7.0    2009.5833    0.0     0.0                0.0                           1.0              
  2009.0    8.0    2009.6667    0.0     0.0                0.0                           1.0              
  2009.0    9.0     2009.75     0.0     0.0                0.0                           1.0              
  2009.0    10.0   2009.8333    0.0     1.0                0.0                           2.0              
  2009.0    11.0   2009.9167    0.0     0.0                0.0                           2.0              
  2009.0    12.0     2010.0     0.0     0.0                0.0                           2.0              
  2010.0    1.0    2010.0833    0.0     0.0                0.0                           2.0              
  2010.0    2.0    2010.1667    1.0     0.0                1.0                           2.0              
  2010.0    3.0     2010.25     2.0     0.0                3.0                           2.0              
  2010.0    4.0    2010.3333    2.0     0.0                5.0                           2.0              
  2010.0    5.0    2010.4167    1.0     1.0                6.0                           3.0              
  2010.0    6.0      2010.5     1.0     0.0                7.0                           3.0              
  2010.0    7.0    2010.5833    1.0     0.0                8.0                           3.0              
  2010.0    8.0    2010.6667    0.0     0.0                8.0                           3.0              
  2010.0    9.0     2010.75     3.0     0.0                11.0                          3.0              
  2010.0    10.0   2010.8333    2.0     2.0                13.0                          5.0              
  2010.0    11.0   2010.9167    0.0     2.0                13.0                          7.0              
  2010.0    12.0     2011.0     2.0     0.0                15.0                          7.0              
  2011.0    1.0    2011.0833    2.0     0.0                17.0                          7.0              
  2011.0    2.0    2011.1667    0.0     1.0                17.0                          8.0              
  2011.0    3.0     2011.25     1.0     2.0                18.0                          10.0             
  2011.0    4.0    2011.3333    5.0     0.0                23.0                          10.0             
  2011.0    5.0    2011.4167    1.0     0.0                24.0                          10.0             
  2011.0    6.0      2011.5     5.0     0.0                29.0                          10.0             
  2011.0    7.0    2011.5833    1.0     1.0                30.0                          11.0             
  2011.0    8.0    2011.6667    4.0     0.0                34.0                          11.0             
  2011.0    9.0     2011.75     8.0     0.0                42.0                          11.0             
  2011.0    10.0   2011.8333    9.0     0.0                51.0                          11.0             
  2011.0    11.0   2011.9167    5.0     2.0                56.0                          13.0             
  2011.0    12.0     2012.0     10.0    0.0                66.0                          13.0             
  2012.0    1.0    2012.0833    10.0    1.0                76.0                          14.0             
  2012.0    2.0    2012.1667    14.0    2.0                90.0                          16.0             
  2012.0    3.0     2012.25     11.0    1.0               101.0                          17.0             
  2012.0    4.0    2012.3333    4.0     1.0               105.0                          18.0             
  2012.0    5.0    2012.4167    4.0     3.0               109.0                          21.0             
  2012.0    6.0      2012.5     7.0     9.0               116.0                          30.0             
  2012.0    7.0    2012.5833    16.0    18.0              132.0                          48.0             
  2012.0    8.0    2012.6667    12.0    0.0               144.0                          48.0             
  2012.0    9.0     2012.75     9.0     1.0               153.0                          49.0             
  2012.0    10.0   2012.8333    4.0     1.0               157.0                          50.0             
  2012.0    11.0   2012.9167    3.0     9.0               160.0                          59.0             
  2012.0    12.0     2013.0     4.0     0.0               164.0                          59.0             
  2013.0    1.0    2013.0833    6.0     2.0               170.0                          61.0             
  2013.0    2.0    2013.1667    4.0     4.0               174.0                          65.0             
  2013.0    3.0     2013.25     5.0     1.0               179.0                          66.0             
  2013.0    4.0    2013.3333    9.0     3.0               188.0                          69.0             
  2013.0    5.0    2013.4167    10.0    10.0              198.0                          79.0             
  2013.0    6.0      2013.5     4.0     9.0               202.0                          88.0             
  2013.0    7.0    2013.5833    5.0     4.0               207.0                          92.0             
  2013.0    8.0    2013.6667    5.0     13.0              212.0                         105.0             
  2013.0    9.0     2013.75     1.0     7.0               213.0                         112.0             
  2013.0    10.0   2013.8333    6.0     7.0               219.0                         119.0             
  2013.0    11.0   2013.9167    6.0     12.0              225.0                         131.0             
  2013.0    12.0     2014.0     4.0     12.0              229.0                         143.0             
  2014.0    1.0    2014.0833    7.0     9.0               236.0                         152.0             
  2014.0    2.0    2014.1667    0.0     9.0               236.0                         161.0             
  2014.0    3.0     2014.25     4.0     10.0              240.0                         171.0             
  2014.0    4.0    2014.3333    8.0     10.0              248.0                         181.0             
  2014.0    5.0    2014.4167    7.0     8.0               255.0                         189.0             
  2014.0    6.0      2014.5     4.0     3.0               259.0                         192.0             
  2014.0    7.0    2014.5833    6.0     1.0               265.0                         193.0             
  2014.0    8.0    2014.6667    3.0     1.0               268.0                         194.0             
  2014.0    9.0     2014.75     7.0     0.0               275.0                         194.0             
  2014.0    10.0   2014.8333    6.0     3.0               281.0                         197.0             
  2014.0    11.0   2014.9167    7.0     4.0               288.0                         201.0             
  2014.0    12.0     2015.0     6.0     0.0               294.0                         201.0             
  2015.0    1.0    2015.0833    10.0    2.0               304.0                         203.0             
  2015.0    2.0    2015.1667    3.0     3.0               307.0                         206.0             
  2015.0    3.0     2015.25     0.0     5.0               307.0                         211.0             
  2015.0    4.0    2015.3333    10.0    1.0               317.0                         212.0             
  2015.0    5.0    2015.4167    14.0    0.0               331.0                         212.0             
  2015.0    6.0      2015.5     5.0     4.0               336.0                         216.0             
  2015.0    7.0    2015.5833    3.0     2.0               339.0                         218.0             
  2015.0    8.0    2015.6667    3.0     3.0               342.0                         221.0             
  2015.0    9.0     2015.75     4.0     2.0               346.0                         223.0             
  2015.0    10.0   2015.8333    7.0     0.0               353.0                         223.0             
  2015.0    11.0   2015.9167    1.0     1.0               354.0                         224.0             
  2015.0    12.0     2016.0     0.0     1.0               354.0                         225.0             
  2016.0    1.0    2016.0833    4.0     6.0               358.0                         231.0             
  2016.0    2.0    2016.1667    2.0     3.0               360.0                         234.0             
  2016.0    3.0     2016.25     5.0     1.0               365.0                         235.0             
  2016.0    4.0    2016.3333    5.0     1.0               370.0                         236.0             
  2016.0    5.0    2016.4167    2.0     0.0               372.0                         236.0             
  2016.0    6.0      2016.5     3.0     3.0               375.0                         239.0             
  2016.0    7.0    2016.5833    0.0     0.0               375.0                         239.0             
  2016.0    8.0    2016.6667    0.0     0.0               375.0                         239.0             
  2016.0    9.0     2016.75     0.0     1.0               375.0                         240.0             
  2016.0    10.0   2016.8333    0.0     0.0               375.0                         240.0             
  2016.0    11.0   2016.9167    0.0     0.0               375.0                         240.0             
  2016.0    12.0     2017.0     1.0     0.0               376.0                         240.0             
  2017.0    1.0    2017.0833    0.0     0.0               376.0                         240.0             
  2017.0    2.0    2017.1667    2.0     0.0               378.0                         240.0             
  2017.0    3.0     2017.25     1.0     0.0               379.0                         240.0             
  2017.0    4.0    2017.3333    2.0     0.0               381.0                         240.0             
  2017.0    5.0    2017.4167    0.0     0.0               381.0                         240.0             
  2017.0    6.0      2017.5     0.0     0.0               381.0                         240.0             
  2017.0    7.0    2017.5833    0.0     0.0               381.0                         240.0             
  2017.0    8.0    2017.6667    0.0     0.0               381.0                         240.0             
  2017.0    9.0     2017.75     0.0     0.0               381.0                         240.0             
  2017.0    10.0   2017.8333    0.0     0.0               381.0                         240.0             
  2017.0    11.0   2017.9167    0.0     0.0               381.0                         240.0             
  2017.0    12.0     2018.0     0.0     0.0               381.0                         240.0             
  2018.0    1.0    2018.0833    0.0     0.0               381.0                         240.0             
  2018.0    2.0    2018.1667    0.0     0.0               381.0                         240.0             
  2018.0    3.0     2018.25     0.0     0.0               381.0                         240.0             
  2018.0    4.0    2018.3333    0.0     0.0               381.0                         240.0             
  2018.0    5.0    2018.4167    0.0     0.0               381.0                         240.0             
  2018.0    6.0      2018.5     0.0     0.0               381.0                         240.0             
  2018.0    7.0    2018.5833    0.0     0.0               381.0                         240.0             
  2018.0    8.0    2018.6667    0.0     0.0               381.0                         240.0             
  2018.0    9.0     2018.75     0.0     0.0               381.0                         240.0             
  2018.0    10.0   2018.8333    0.0     0.0               381.0                         240.0             
  2018.0    12.0     2019.0     0.0     0.0               381.0                         240.0             
  2019.0    1.0    2019.0833    0.0     0.0               381.0                         240.0             
  2019.0    2.0    2019.1667    0.0     0.0               381.0                         240.0             
  2019.0    3.0     2019.25     0.0     0.0               381.0                         240.0             
  2019.0    4.0    2019.3333    0.0     0.0               381.0                         240.0             
  2019.0    5.0    2019.4167    0.0     1.0               381.0                         241.0             
  2019.0    6.0      2019.5     0.0     0.0               381.0                         241.0             
  2019.0    7.0    2019.5833    0.0     0.0               381.0                         241.0             
  2019.0    8.0    2019.6667    0.0     0.0               381.0                         241.0             
  2019.0    10.0   2019.8333    0.0     0.0               381.0                         241.0             
  2019.0    12.0     2020.0     0.0     0.0               381.0                         241.0             
  2020.0    1.0    2020.0833    0.0     0.0               381.0                         241.0             
  2020.0    3.0     2020.25     0.0     0.0               381.0                         241.0             
  2020.0    4.0    2020.3333    0.0     0.0               381.0                         241.0             
  2020.0    5.0    2020.4167    0.0     0.0               381.0                         241.0             
  2020.0    6.0      2020.5     0.0     0.0               381.0                         241.0             
  2020.0    7.0    2020.5833    1.0     0.0               382.0                         241.0             
  2020.0    8.0    2020.6667    0.0     0.0               382.0                         241.0             
  2020.0    9.0     2020.75     0.0     0.0               382.0                         241.0             
  2020.0    10.0   2020.8333    0.0     0.0               382.0                         241.0             
  2020.0    11.0   2020.9167    0.0     0.0               382.0                         241.0             
  2020.0    12.0     2021.0     0.0     0.0               382.0                         241.0             
