  2008.0    12.0     2009.0     19.0    13.0               19.0                          13.0             
  2009.0    1.0    2009.0833    7.0     10.0               26.0                          23.0             
  2009.0    2.0    2009.1667    13.0    6.0                39.0                          29.0             
  2009.0    3.0     2009.25     14.0    13.0               53.0                          42.0             
  2009.0    4.0    2009.3333    12.0    3.0                65.0                          45.0             
  2009.0    5.0    2009.4167    8.0     11.0               73.0                          56.0             
  2009.0    6.0      2009.5     13.0    9.0                86.0                          65.0             
  2009.0    7.0    2009.5833    13.0    2.0                99.0                          67.0             
  2009.0    8.0    2009.6667    7.0     11.0              106.0                          78.0             
  2009.0    9.0     2009.75     16.0    13.0              122.0                          91.0             
  2009.0    10.0   2009.8333    9.0     10.0              131.0                         101.0             
  2009.0    11.0   2009.9167    13.0    5.0               144.0                         106.0             
  2009.0    12.0     2010.0     13.0    8.0               157.0                         114.0             
  2010.0    1.0    2010.0833    9.0     16.0              166.0                         130.0             
  2010.0    2.0    2010.1667    8.0     11.0              174.0                         141.0             
  2010.0    3.0     2010.25     12.0    12.0              186.0                         153.0             
  2010.0    4.0    2010.3333    15.0    20.0              201.0                         173.0             
  2010.0    5.0    2010.4167    16.0    29.0              217.0                         202.0             
  2010.0    6.0      2010.5     19.0    32.0              236.0                         234.0             
  2010.0    7.0    2010.5833    14.0    23.0              250.0                         257.0             
  2010.0    8.0    2010.6667    12.0    16.0              262.0                         273.0             
  2010.0    9.0     2010.75     10.0    20.0              272.0                         293.0             
  2010.0    10.0   2010.8333    10.0    12.0              282.0                         305.0             
  2010.0    11.0   2010.9167    22.0    21.0              304.0                         326.0             
  2010.0    12.0     2011.0     22.0    24.0              326.0                         350.0             
  2011.0    1.0    2011.0833    8.0     16.0              334.0                         366.0             
  2011.0    2.0    2011.1667    21.0    4.0               355.0                         370.0             
  2011.0    3.0     2011.25     36.0    31.0              391.0                         401.0             
  2011.0    4.0    2011.3333    49.0    31.0              440.0                         432.0             
  2011.0    5.0    2011.4167    43.0    39.0              483.0                         471.0             
  2011.0    6.0      2011.5     35.0    36.0              518.0                         507.0             
  2011.0    7.0    2011.5833    31.0    20.0              549.0                         527.0             
  2011.0    8.0    2011.6667    20.0    14.0              569.0                         541.0             
  2011.0    9.0     2011.75     41.0    18.0              610.0                         559.0             
  2011.0    10.0   2011.8333    35.0    41.0              645.0                         600.0             
  2011.0    11.0   2011.9167    38.0    22.0              683.0                         622.0             
  2011.0    12.0     2012.0     35.0    32.0              718.0                         654.0             
  2012.0    1.0    2012.0833    30.0    18.0              748.0                         672.0             
  2012.0    2.0    2012.1667    18.0    18.0              766.0                         690.0             
  2012.0    3.0     2012.25     18.0    21.0              784.0                         711.0             
  2012.0    4.0    2012.3333    21.0    42.0              805.0                         753.0             
  2012.0    5.0    2012.4167    35.0    21.0              840.0                         774.0             
  2012.0    6.0      2012.5     38.0    31.0              878.0                         805.0             
  2012.0    7.0    2012.5833    21.0    38.0              899.0                         843.0             
  2012.0    8.0    2012.6667    27.0    18.0              926.0                         861.0             
  2012.0    9.0     2012.75     36.0    17.0              962.0                         878.0             
  2012.0    10.0   2012.8333    21.0    19.0              983.0                         897.0             
  2012.0    11.0   2012.9167    34.0    25.0              1017.0                        922.0             
  2012.0    12.0     2013.0     37.0    44.0              1054.0                        966.0             
  2013.0    1.0    2013.0833    58.0    33.0              1112.0                        999.0             
  2013.0    2.0    2013.1667    35.0    32.0              1147.0                        1031.0            
  2013.0    3.0     2013.25     18.0    34.0              1165.0                        1065.0            
  2013.0    4.0    2013.3333    28.0    36.0              1193.0                        1101.0            
  2013.0    5.0    2013.4167    38.0    36.0              1231.0                        1137.0            
  2013.0    6.0      2013.5     8.0     25.0              1239.0                        1162.0            
  2013.0    7.0    2013.5833    19.0    21.0              1258.0                        1183.0            
  2013.0    8.0    2013.6667    10.0    24.0              1268.0                        1207.0            
  2013.0    9.0     2013.75     12.0    25.0              1280.0                        1232.0            
  2013.0    10.0   2013.8333    25.0    33.0              1305.0                        1265.0            
  2013.0    11.0   2013.9167    16.0    31.0              1321.0                        1296.0            
  2013.0    12.0     2014.0     16.0    45.0              1337.0                        1341.0            
  2014.0    1.0    2014.0833    22.0    19.0              1359.0                        1360.0            
  2014.0    2.0    2014.1667    25.0    30.0              1384.0                        1390.0            
  2014.0    3.0     2014.25     26.0    37.0              1410.0                        1427.0            
  2014.0    4.0    2014.3333    47.0    31.0              1457.0                        1458.0            
  2014.0    5.0    2014.4167    23.0    47.0              1480.0                        1505.0            
  2014.0    6.0      2014.5     30.0    51.0              1510.0                        1556.0            
  2014.0    7.0    2014.5833    22.0    42.0              1532.0                        1598.0            
  2014.0    8.0    2014.6667    34.0    27.0              1566.0                        1625.0            
  2014.0    9.0     2014.75     30.0    15.0              1596.0                        1640.0            
  2014.0    10.0   2014.8333    29.0    20.0              1625.0                        1660.0            
  2014.0    11.0   2014.9167    47.0    17.0              1672.0                        1677.0            
  2014.0    12.0     2015.0     41.0    31.0              1713.0                        1708.0            
  2015.0    1.0    2015.0833    39.0    27.0              1752.0                        1735.0            
  2015.0    2.0    2015.1667    26.0    16.0              1778.0                        1751.0            
  2015.0    3.0     2015.25     35.0    32.0              1813.0                        1783.0            
  2015.0    4.0    2015.3333    31.0    30.0              1844.0                        1813.0            
  2015.0    5.0    2015.4167    24.0    29.0              1868.0                        1842.0            
  2015.0    6.0      2015.5     20.0    36.0              1888.0                        1878.0            
  2015.0    7.0    2015.5833    30.0    47.0              1918.0                        1925.0            
  2015.0    8.0    2015.6667    18.0    51.0              1936.0                        1976.0            
  2015.0    9.0     2015.75     16.0    52.0              1952.0                        2028.0            
  2015.0    10.0   2015.8333    19.0    62.0              1971.0                        2090.0            
  2015.0    11.0   2015.9167    16.0    43.0              1987.0                        2133.0            
  2015.0    12.0     2016.0     30.0    32.0              2017.0                        2165.0            
  2016.0    1.0    2016.0833    24.0    43.0              2041.0                        2208.0            
  2016.0    2.0    2016.1667    31.0    34.0              2072.0                        2242.0            
  2016.0    3.0     2016.25     25.0    38.0              2097.0                        2280.0            
  2016.0    4.0    2016.3333    23.0    14.0              2120.0                        2294.0            
  2016.0    5.0    2016.4167    37.0    29.0              2157.0                        2323.0            
  2016.0    6.0      2016.5     16.0    20.0              2173.0                        2343.0            
  2016.0    7.0    2016.5833    28.0    18.0              2201.0                        2361.0            
  2016.0    8.0    2016.6667    23.0    14.0              2224.0                        2375.0            
  2016.0    9.0     2016.75     22.0    9.0               2246.0                        2384.0            
  2016.0    10.0   2016.8333    24.0    18.0              2270.0                        2402.0            
  2016.0    11.0   2016.9167    28.0    26.0              2298.0                        2428.0            
  2016.0    12.0     2017.0     19.0    18.0              2317.0                        2446.0            
  2017.0    1.0    2017.0833    19.0    16.0              2336.0                        2462.0            
  2017.0    2.0    2017.1667    20.0    12.0              2356.0                        2474.0            
  2017.0    3.0     2017.25     16.0    9.0               2372.0                        2483.0            
  2017.0    4.0    2017.3333    28.0    4.0               2400.0                        2487.0            
  2017.0    5.0    2017.4167    13.0    12.0              2413.0                        2499.0            
  2017.0    6.0      2017.5     9.0     9.0               2422.0                        2508.0            
  2017.0    7.0    2017.5833    16.0    7.0               2438.0                        2515.0            
  2017.0    8.0    2017.6667    13.0    9.0               2451.0                        2524.0            
  2017.0    9.0     2017.75     11.0    16.0              2462.0                        2540.0            
  2017.0    10.0   2017.8333    19.0    10.0              2481.0                        2550.0            
  2017.0    11.0   2017.9167    13.0    8.0               2494.0                        2558.0            
  2017.0    12.0     2018.0     19.0    8.0               2513.0                        2566.0            
  2018.0    1.0    2018.0833    9.0     7.0               2522.0                        2573.0            
  2018.0    2.0    2018.1667    7.0     7.0               2529.0                        2580.0            
  2018.0    3.0     2018.25     9.0     12.0              2538.0                        2592.0            
  2018.0    4.0    2018.3333    6.0     12.0              2544.0                        2604.0            
  2018.0    5.0    2018.4167    11.0    6.0               2555.0                        2610.0            
  2018.0    6.0      2018.5     7.0     11.0              2562.0                        2621.0            
  2018.0    7.0    2018.5833    11.0    9.0               2573.0                        2630.0            
  2018.0    8.0    2018.6667    18.0    8.0               2591.0                        2638.0            
  2018.0    9.0     2018.75     6.0     9.0               2597.0                        2647.0            
  2018.0    10.0   2018.8333    9.0     8.0               2606.0                        2655.0            
  2018.0    11.0   2018.9167    5.0     9.0               2611.0                        2664.0            
  2018.0    12.0     2019.0     2.0     8.0               2613.0                        2672.0            
  2019.0    1.0    2019.0833    5.0     9.0               2618.0                        2681.0            
  2019.0    2.0    2019.1667    3.0     7.0               2621.0                        2688.0            
  2019.0    3.0     2019.25     8.0     14.0              2629.0                        2702.0            
  2019.0    4.0    2019.3333    2.0     2.0               2631.0                        2704.0            
  2019.0    5.0    2019.4167    13.0    13.0              2644.0                        2717.0            
  2019.0    6.0      2019.5     4.0     14.0              2648.0                        2731.0            
  2019.0    7.0    2019.5833    9.0     13.0              2657.0                        2744.0            
  2019.0    8.0    2019.6667    8.0     10.0              2665.0                        2754.0            
  2019.0    9.0     2019.75     5.0     4.0               2670.0                        2758.0            
  2019.0    10.0   2019.8333    10.0    14.0              2680.0                        2772.0            
  2019.0    11.0   2019.9167    4.0     11.0              2684.0                        2783.0            
  2019.0    12.0     2020.0     11.0    19.0              2695.0                        2802.0            
  2020.0    1.0    2020.0833    8.0     14.0              2703.0                        2816.0            
  2020.0    2.0    2020.1667    0.0     9.0               2703.0                        2825.0            
  2020.0    3.0     2020.25     4.0     4.0               2707.0                        2829.0            
  2020.0    4.0    2020.3333    5.0     3.0               2712.0                        2832.0            
  2020.0    5.0    2020.4167    12.0    16.0              2724.0                        2848.0            
  2020.0    6.0      2020.5     8.0     12.0              2732.0                        2860.0            
  2020.0    7.0    2020.5833    6.0     12.0              2738.0                        2872.0            
  2020.0    8.0    2020.6667    17.0    16.0              2755.0                        2888.0            
  2020.0    9.0     2020.75     5.0     7.0               2760.0                        2895.0            
  2020.0    10.0   2020.8333    12.0    15.0              2772.0                        2910.0            
  2020.0    11.0   2020.9167    15.0    14.0              2787.0                        2924.0            
  2020.0    12.0     2021.0     15.0    24.0              2802.0                        2948.0            
