 1996  01 1996.0833   3     0     1     1   
 1996  02 1996.1667   6     0     0     0   
 1996  03  1996.25    12    3     1     4   
 1996  04 1996.3333   10    1     2     3   
 1996  05 1996.4167   8     1     1     2   
 1996  06   1996.5    4     0     1     1   
 1996  07 1996.5833   7     0     3     3   
 1996  08 1996.6667   6     1     2     3   
 1996  09  1996.75    10    3     4     7   
 1996  10 1996.8333   7     1     2     3   
 1996  11 1996.9167   9     1     2     3   
 1996  12   1997.0    11    0     5     5   
 1997  01 1997.0833   8     3     0     3   
 1997  02 1997.1667   11    2     2     4   
 1997  03  1997.25    11    1     1     2   
 1997  04 1997.3333   9     6     1     7   
 1997  05 1997.4167   10    2     2     4   
 1997  06   1997.5    9     3     1     4   
 1997  07 1997.5833   11    5     1     6   
 1997  08 1997.6667   9     1     1     2   
 1997  09  1997.75    13    3     4     7   
 1997  10 1997.8333   10    3     2     5   
 1997  11 1997.9167   18    3     4     7   
 1997  12   1998.0    17    7     2     9   
 1998  01 1998.0833   22    6     3     9   
 1998  02 1998.1667   30    9     7     16  
 1998  03  1998.25    21    7     5     12  
 1998  04 1998.3333   24    5     6     11  
 1998  05 1998.4167   29    13    4     17  
 1998  06   1998.5    34    5     10    15  
 1998  10 1998.8333   2     2     0     2   
 1998  11 1998.9167   4     3     0     3   
 1998  12   1999.0    12    3     3     6   
 1999  02 1999.1667   8     1     1     2   
 1999  03  1999.25    14    2     4     6   
 1999  04 1999.3333   9     1     3     4   
 1999  05 1999.4167   24    8     1     9   
 1999  06   1999.5    23    3     7     10  
 1999  07 1999.5833   48    14    10    24  
 1999  08 1999.6667   42    10    4     14  
 1999  09  1999.75    37    15    6     21  
 1999  10 1999.8333   34    7     5     12  
 1999  11 1999.9167   39    3     12    15  
 1999  12   2000.0    25    9     3     12  
 2000  01 2000.0833   14    4     6     10  
 2000  02 2000.1667   22    4     6     10  
 2000  03  2000.25    21    4     4     8   
 2000  04 2000.3333   24    6     4     10  
 2000  05 2000.4167   17    1     4     5   
 2000  06   2000.5    22    8     6     14  
 2000  07 2000.5833   19    6     5     11  
 2000  08 2000.6667   60    14    13    27  
 2000  09  2000.75    52    15    10    25  
 2000  10 2000.8333   42    15    9     24  
 2000  11 2000.9167   64    15    16    31  
 2000  12   2001.0    36    18    4     22  
 2001  01 2001.0833   34    10    6     16  
 2001  02 2001.1667   24    7     2     9   
 2001  03  2001.25    39    8     8     16  
 2001  04 2001.3333   14    0     8     8   
 2001  05 2001.4167   29    6     6     12  
 2001  06   2001.5    35    10    6     16  
 2001  07 2001.5833   14    3     7     10  
 2001  08 2001.6667   7     1     3     4   
 2001  09  2001.75    58    18    17    35  
 2001  10 2001.8333   35    14    7     21  
 2001  11 2001.9167   11    3     1     4   
 2001  12   2002.0    10    3     2     5   
 2002  01 2002.0833   29    5     7     12  
 2002  02 2002.1667   20    5     5     10  
 2002  03  2002.25    52    4     15    19  
 2002  04 2002.3333   34    6     11    17  
 2002  05 2002.4167   29    11    6     17  
 2002  06   2002.5    49    16    7     23  
 2002  07 2002.5833   31    7     7     14  
 2002  08 2002.6667   37    7     8     15  
 2002  09  2002.75    53    12    11    23  
 2002  10 2002.8333   46    9     10    19  
 2002  11 2002.9167   25    5     9     14  
 2002  12   2003.0    29    8     7     15  
 2003  01 2003.0833   53    9     8     17  
 2003  02 2003.1667   41    11    13    24  
 2003  03  2003.25    40    17    8     25  
 2003  04 2003.3333   64    21    11    32  
 2003  05 2003.4167   53    14    10    24  
 2003  06   2003.5    37    11    8     19  
 2003  07 2003.5833   15    7     4     11  
 2003  08 2003.6667   21    8     7     15  
 2003  09  2003.75    26    12    5     17  
 2003  10 2003.8333   19    4     6     10  
 2003  11 2003.9167   16    5     4     9   
 2003  12   2004.0    23    5     6     11  
 2004  01 2004.0833   25    6     4     10  
 2004  02 2004.1667   61    16    15    31  
 2004  03  2004.25    52    7     21    28  
 2004  04 2004.3333   38    6     15    21  
 2004  05 2004.4167   64    11    25    36  
 2004  06   2004.5    49    12    18    30  
 2004  07 2004.5833   25    5     8     13  
 2004  08 2004.6667   20    2     5     7   
 2004  09  2004.75    21    4     5     9   
 2004  10 2004.8333   24    8     9     17  
 2004  11 2004.9167   37    1     10    11  
 2004  12   2005.0    19    1     5     6   
 2005  01 2005.0833   28    6     10    16  
 2005  02 2005.1667   57    11    21    32  
 2005  03  2005.25    58    11    15    26  
 2005  04 2005.3333   46    8     9     17  
 2005  05 2005.4167   62    10    23    33  
 2005  06   2005.5    48    18    12    30  
 2005  07 2005.5833   35    9     12    21  
 2005  08 2005.6667   38    7     13    20  
 2005  09  2005.75    22    5     6     11  
 2005  10 2005.8333   32    6     6     12  
 2005  11 2005.9167   38    8     5     13  
 2005  12   2006.0    37    8     6     14  
 2006  01 2006.0833   76    17    36    53  
 2006  02 2006.1667   60    16    20    36  
 2006  03  2006.25    30    5     18    23  
 2006  04 2006.3333   54    16    18    34  
 2006  05 2006.4167   77    18    31    49  
 2006  06   2006.5    64    19    30    49  
 2006  07 2006.5833  107    23    41    64  
 2006  08 2006.6667   91    17    50    67  
 2006  09  2006.75   100    21    36    57  
 2006  10 2006.8333   40    4     15    19  
 2006  11 2006.9167   32    4     11    15  
 2006  12   2007.0    24    3     9     12  
 2007  01 2007.0833   75    16    27    43  
 2007  02 2007.1667   63    18    23    41  
 2007  03  2007.25   104    33    33    66  
 2007  04 2007.3333  146    53    49   102  
 2007  05 2007.4167  110    35    41    76  
 2007  06   2007.5   130    43    49    92  
 2007  07 2007.5833  124    31    50    81  
 2007  08 2007.6667  100    17    41    58  
 2007  09  2007.75   112    29    53    82  
 2007  10 2007.8333   97    24    27    51  
 2007  11 2007.9167   74    19    23    42  
 2007  12   2008.0   106    13    33    46  
 2008  01 2008.0833   86    21    27    48  
 2008  02 2008.1667   59    19    11    30  
 2008  03  2008.25    92    13    34    47  
 2008  04 2008.3333   67    17    12    29  
 2008  05 2008.4167   68    16    22    38  
 2008  06   2008.5    60    9     25    34  
 2008  07 2008.5833   69    13    19    32  
 2008  08 2008.6667   46    13    10    23  
 2008  09  2008.75    53    13    19    32  
 2008  10 2008.8333   57    21    12    33  
 2008  11 2008.9167   48    14    6     20  
 2008  12   2009.0    63    19    13    32  
 2009  01 2009.0833   51    7     10    17  
 2009  02 2009.1667   45    13    6     19  
 2009  03  2009.25    56    14    13    27  
 2009  04 2009.3333   53    12    3     15  
 2009  05 2009.4167   38    8     11    19  
 2009  06   2009.5    57    13    9     22  
 2009  07 2009.5833   39    13    2     15  
 2009  08 2009.6667   40    7     11    18  
 2009  09  2009.75    95    16    13    29  
 2009  10 2009.8333   56    9     10    19  
 2009  11 2009.9167   37    13    5     18  
 2009  12   2010.0    56    13    8     21  
 2010  01 2010.0833   51    9     16    25  
 2010  02 2010.1667   42    8     11    19  
 2010  03  2010.25    57    12    12    24  
 2010  04 2010.3333   64    15    20    35  
 2010  05 2010.4167   75    16    29    45  
 2010  06   2010.5    72    19    32    51  
 2010  07 2010.5833   72    14    23    37  
 2010  08 2010.6667   56    12    16    28  
 2010  09  2010.75    53    10    20    30  
 2010  10 2010.8333   52    10    12    22  
 2010  11 2010.9167  104    22    21    43  
 2010  12   2011.0    91    22    24    46  
 2011  01 2011.0833   57    8     16    24  
 2011  02 2011.1667   72    21    4     25  
 2011  03  2011.25   128    36    31    67  
 2011  04 2011.3333  165    49    31    80  
 2011  05 2011.4167  159    43    39    82  
 2011  06   2011.5   141    35    36    71  
 2011  07 2011.5833  110    31    20    51  
 2011  08 2011.6667   96    20    14    34  
 2011  09  2011.75   100    41    18    59  
 2011  10 2011.8333  172    35    41    76  
 2011  11 2011.9167  104    38    22    60  
 2011  12   2012.0   109    35    32    67  
 2012  01 2012.0833   96    30    18    48  
 2012  02 2012.1667   77    18    18    36  
 2012  03  2012.25    94    18    21    39  
 2012  04 2012.3333  116    21    42    63  
 2012  05 2012.4167  114    35    21    56  
 2012  06   2012.5   151    38    31    69  
 2012  07 2012.5833  133    21    38    59  
 2012  08 2012.6667  106    27    18    45  
 2012  09  2012.75   127    36    17    53  
 2012  10 2012.8333   98    21    19    40  
 2012  11 2012.9167  130    34    25    59  
 2012  12   2013.0   187    37    44    81  
 2013  01 2013.0833  176    58    33    91  
 2013  02 2013.1667  145    35    32    67  
 2013  03  2013.25   142    18    34    52  
 2013  04 2013.3333  151    28    36    64  
 2013  05 2013.4167  180    38    36    74  
 2013  06   2013.5   118    8     25    33  
 2013  07 2013.5833  100    19    21    40  
 2013  08 2013.6667   84    10    24    34  
 2013  09  2013.75    93    12    25    37  
 2013  10 2013.8333  150    25    33    58  
 2013  11 2013.9167  120    16    31    47  
 2013  12   2014.0   152    16    45    61  
 2014  01 2014.0833   98    22    19    41  
 2014  02 2014.1667  113    25    30    55  
 2014  03  2014.25   127    26    37    63  
 2014  04 2014.3333  156    47    31    78  
 2014  05 2014.4167  152    23    47    70  
 2014  06   2014.5   180    30    51    81  
 2014  07 2014.5833  141    22    42    64  
 2014  08 2014.6667  124    34    27    61  
 2014  09  2014.75   104    30    15    45  
 2014  10 2014.8333  164    29    20    49  
 2014  11 2014.9167  142    47    17    64  
 2014  12   2015.0   162    41    31    72  
 2015  01 2015.0833  142    39    27    66  
 2015  02 2015.1667   93    26    16    42  
 2015  03  2015.25   132    35    32    67  
 2015  04 2015.3333  141    31    30    61  
 2015  05 2015.4167  127    24    29    53  
 2015  06   2015.5   109    20    36    56  
 2015  07 2015.5833  143    30    47    77  
 2015  08 2015.6667  129    18    51    69  
 2015  09  2015.75   118    16    52    68  
 2015  10 2015.8333  126    19    62    81  
 2015  11 2015.9167  118    16    43    59  
 2015  12   2016.0   131    30    32    62  
 2016  01 2016.0833  117    24    43    67  
 2016  02 2016.1667  129    31    34    65  
 2016  03  2016.25    95    25    38    63  
 2016  04 2016.3333   86    23    14    37  
 2016  05 2016.4167  115    37    29    66  
 2016  06   2016.5    79    16    20    36  
 2016  07 2016.5833   86    28    18    46  
 2016  08 2016.6667   71    23    14    37  
 2016  09  2016.75    58    22    9     31  
 2016  10 2016.8333   74    24    18    42  
 2016  11 2016.9167   77    28    26    54  
 2016  12   2017.0    69    19    18    37  
 2017  01 2017.0833   57    19    16    35  
 2017  02 2017.1667   41    20    12    32  
 2017  03  2017.25    44    16    9     25  
 2017  04 2017.3333   60    28    4     32  
 2017  05 2017.4167   51    13    12    25  
 2017  06   2017.5    42    9     9     18  
 2017  07 2017.5833   49    16    7     23  
 2017  08 2017.6667   51    13    9     22  
 2017  09  2017.75    42    11    16    27  
 2017  10 2017.8333   46    19    10    29  
 2017  11 2017.9167   40    13    8     21  
 2017  12   2018.0    43    19    8     27  
 2018  01 2018.0833   33    9     7     16  
 2018  02 2018.1667   30    7     7     14  
 2018  03  2018.25    42    9     12    21  
 2018  04 2018.3333   45    6     12    18  
 2018  05 2018.4167   42    11    6     17  
 2018  06   2018.5    32    7     11    18  
 2018  07 2018.5833   38    11    9     20  
 2018  08 2018.6667   46    18    8     26  
 2018  09  2018.75    33    6     9     15  
 2018  10 2018.8333   36    9     8     17  
 2018  11 2018.9167   32    5     9     14  
 2018  12   2019.0    28    2     8     10  
 2019  01 2019.0833   43    5     9     14  
 2019  02 2019.1667   28    3     7     10  
 2019  03  2019.25    51    8     14    22  
 2019  04 2019.3333   25    2     2     4   
 2019  05 2019.4167   54    13    13    26  
 2019  06   2019.5    36    4     14    18  
 2019  07 2019.5833   52    9     13    22  
 2019  08 2019.6667   30    8     10    18  
 2019  09  2019.75    34    5     4     9   
 2019  10 2019.8333   46    10    14    24  
 2019  11 2019.9167   34    4     11    15  
 2019  12   2020.0    53    11    19    30  
 2020  01 2020.0833   42    8     14    22  
 2020  02 2020.1667   37    0     9     9   
 2020  03  2020.25    37    4     4     8   
 2020  04 2020.3333   32    5     3     8   
 2020  05 2020.4167   41    12    16    28  
 2020  06   2020.5    39    8     12    20  
 2020  07 2020.5833   36    6     12    18  
 2020  08 2020.6667   59    17    16    33  
 2020  09  2020.75    39    5     7     12  
 2020  10 2020.8333   46    12    15    27  
 2020  11 2020.9167   75    15    14    29  
 2020  12   2021.0    73    15    24    39  
