  1996.0    1.0    1996.0833               0.0                           1.0              
  1996.0    2.0    1996.1667               0.0                           0.0              
  1996.0    3.0     1996.25                3.0                           1.0              
  1996.0    4.0    1996.3333               1.0                           2.0              
  1996.0    5.0    1996.4167               1.0                           1.0              
  1996.0    6.0      1996.5                0.0                           1.0              
  1996.0    7.0    1996.5833               0.0                           3.0              
  1996.0    8.0    1996.6667               1.0                           2.0              
  1996.0    9.0     1996.75                3.0                           4.0              
  1996.0    10.0   1996.8333               1.0                           2.0              
  1996.0    11.0   1996.9167               1.0                           2.0              
  1996.0    12.0     1997.0                0.0                           5.0              
  1997.0    1.0    1997.0833               3.0                           0.0              
  1997.0    2.0    1997.1667               2.0                           2.0              
  1997.0    3.0     1997.25                1.0                           1.0              
  1997.0    4.0    1997.3333               6.0                           1.0              
  1997.0    5.0    1997.4167               2.0                           2.0              
  1997.0    6.0      1997.5                3.0                           1.0              
  1997.0    7.0    1997.5833               5.0                           1.0              
  1997.0    8.0    1997.6667               1.0                           1.0              
  1997.0    9.0     1997.75                3.0                           4.0              
  1997.0    10.0   1997.8333               3.0                           2.0              
  1997.0    11.0   1997.9167               3.0                           4.0              
  1997.0    12.0     1998.0                7.0                           2.0              
  1998.0    1.0    1998.0833               6.0                           3.0              
  1998.0    2.0    1998.1667               9.0                           7.0              
  1998.0    3.0     1998.25                7.0                           5.0              
  1998.0    4.0    1998.3333               5.0                           6.0              
  1998.0    5.0    1998.4167               13.0                          4.0              
  1998.0    6.0      1998.5                5.0                           10.0             
  1998.0    10.0   1998.8333               2.0                           0.0              
  1998.0    11.0   1998.9167               3.0                           0.0              
  1998.0    12.0     1999.0                3.0                           3.0              
  1999.0    2.0    1999.1667               1.0                           1.0              
  1999.0    3.0     1999.25                2.0                           4.0              
  1999.0    4.0    1999.3333               1.0                           3.0              
  1999.0    5.0    1999.4167               8.0                           1.0              
  1999.0    6.0      1999.5                3.0                           7.0              
  1999.0    7.0    1999.5833               14.0                          10.0             
  1999.0    8.0    1999.6667               10.0                          4.0              
  1999.0    9.0     1999.75                15.0                          6.0              
  1999.0    10.0   1999.8333               7.0                           5.0              
  1999.0    11.0   1999.9167               3.0                           12.0             
  1999.0    12.0     2000.0                9.0                           3.0              
  2000.0    1.0    2000.0833               4.0                           6.0              
  2000.0    2.0    2000.1667               4.0                           6.0              
  2000.0    3.0     2000.25                4.0                           4.0              
  2000.0    4.0    2000.3333               6.0                           4.0              
  2000.0    5.0    2000.4167               1.0                           4.0              
  2000.0    6.0      2000.5                8.0                           6.0              
  2000.0    7.0    2000.5833               6.0                           5.0              
  2000.0    8.0    2000.6667               14.0                          13.0             
  2000.0    9.0     2000.75                15.0                          10.0             
  2000.0    10.0   2000.8333               15.0                          9.0              
  2000.0    11.0   2000.9167               15.0                          16.0             
  2000.0    12.0     2001.0                18.0                          4.0              
  2001.0    1.0    2001.0833               10.0                          6.0              
  2001.0    2.0    2001.1667               7.0                           2.0              
  2001.0    3.0     2001.25                8.0                           8.0              
  2001.0    4.0    2001.3333               0.0                           8.0              
  2001.0    5.0    2001.4167               6.0                           6.0              
  2001.0    6.0      2001.5                10.0                          6.0              
  2001.0    7.0    2001.5833               3.0                           7.0              
  2001.0    8.0    2001.6667               1.0                           3.0              
  2001.0    9.0     2001.75                18.0                          17.0             
  2001.0    10.0   2001.8333               14.0                          7.0              
  2001.0    11.0   2001.9167               3.0                           1.0              
  2001.0    12.0     2002.0                3.0                           2.0              
  2002.0    1.0    2002.0833               5.0                           7.0              
  2002.0    2.0    2002.1667               5.0                           5.0              
  2002.0    3.0     2002.25                4.0                           15.0             
  2002.0    4.0    2002.3333               6.0                           11.0             
  2002.0    5.0    2002.4167               11.0                          6.0              
  2002.0    6.0      2002.5                16.0                          7.0              
  2002.0    7.0    2002.5833               7.0                           7.0              
  2002.0    8.0    2002.6667               7.0                           8.0              
  2002.0    9.0     2002.75                12.0                          11.0             
  2002.0    10.0   2002.8333               9.0                           10.0             
  2002.0    11.0   2002.9167               5.0                           9.0              
  2002.0    12.0     2003.0                8.0                           7.0              
  2003.0    1.0    2003.0833               9.0                           8.0              
  2003.0    2.0    2003.1667               11.0                          13.0             
  2003.0    3.0     2003.25                17.0                          8.0              
  2003.0    4.0    2003.3333               21.0                          11.0             
  2003.0    5.0    2003.4167               14.0                          10.0             
  2003.0    6.0      2003.5                11.0                          8.0              
  2003.0    7.0    2003.5833               7.0                           4.0              
  2003.0    8.0    2003.6667               8.0                           7.0              
  2003.0    9.0     2003.75                12.0                          5.0              
  2003.0    10.0   2003.8333               4.0                           6.0              
  2003.0    11.0   2003.9167               5.0                           4.0              
  2003.0    12.0     2004.0                5.0                           6.0              
  2004.0    1.0    2004.0833               6.0                           4.0              
  2004.0    2.0    2004.1667               16.0                          15.0             
  2004.0    3.0     2004.25                7.0                           21.0             
  2004.0    4.0    2004.3333               6.0                           15.0             
  2004.0    5.0    2004.4167               11.0                          25.0             
  2004.0    6.0      2004.5                12.0                          18.0             
  2004.0    7.0    2004.5833               5.0                           8.0              
  2004.0    8.0    2004.6667               2.0                           5.0              
  2004.0    9.0     2004.75                4.0                           5.0              
  2004.0    10.0   2004.8333               8.0                           9.0              
  2004.0    11.0   2004.9167               1.0                           10.0             
  2004.0    12.0     2005.0                1.0                           5.0              
  2005.0    1.0    2005.0833               6.0                           10.0             
  2005.0    2.0    2005.1667               11.0                          21.0             
  2005.0    3.0     2005.25                11.0                          15.0             
  2005.0    4.0    2005.3333               8.0                           9.0              
  2005.0    5.0    2005.4167               10.0                          23.0             
  2005.0    6.0      2005.5                18.0                          12.0             
  2005.0    7.0    2005.5833               9.0                           12.0             
  2005.0    8.0    2005.6667               7.0                           13.0             
  2005.0    9.0     2005.75                5.0                           6.0              
  2005.0    10.0   2005.8333               6.0                           6.0              
  2005.0    11.0   2005.9167               8.0                           5.0              
  2005.0    12.0     2006.0                8.0                           6.0              
  2006.0    1.0    2006.0833               17.0                          36.0             
  2006.0    2.0    2006.1667               16.0                          20.0             
  2006.0    3.0     2006.25                5.0                           18.0             
  2006.0    4.0    2006.3333               16.0                          18.0             
  2006.0    5.0    2006.4167               18.0                          31.0             
  2006.0    6.0      2006.5                19.0                          30.0             
  2006.0    7.0    2006.5833               23.0                          41.0             
  2006.0    8.0    2006.6667               17.0                          50.0             
  2006.0    9.0     2006.75                21.0                          36.0             
  2006.0    10.0   2006.8333               4.0                           15.0             
  2006.0    11.0   2006.9167               4.0                           11.0             
  2006.0    12.0     2007.0                3.0                           9.0              
  2007.0    1.0    2007.0833               16.0                          27.0             
  2007.0    2.0    2007.1667               18.0                          23.0             
  2007.0    3.0     2007.25                33.0                          33.0             
  2007.0    4.0    2007.3333               53.0                          49.0             
  2007.0    5.0    2007.4167               35.0                          41.0             
  2007.0    6.0      2007.5                43.0                          49.0             
  2007.0    7.0    2007.5833               31.0                          50.0             
  2007.0    8.0    2007.6667               17.0                          41.0             
  2007.0    9.0     2007.75                29.0                          53.0             
  2007.0    10.0   2007.8333               24.0                          27.0             
  2007.0    11.0   2007.9167               19.0                          23.0             
  2007.0    12.0     2008.0                13.0                          33.0             
  2008.0    1.0    2008.0833               21.0                          27.0             
  2008.0    2.0    2008.1667               19.0                          11.0             
  2008.0    3.0     2008.25                13.0                          34.0             
  2008.0    4.0    2008.3333               17.0                          12.0             
  2008.0    5.0    2008.4167               16.0                          22.0             
  2008.0    6.0      2008.5                9.0                           25.0             
  2008.0    7.0    2008.5833               13.0                          19.0             
  2008.0    8.0    2008.6667               13.0                          10.0             
  2008.0    9.0     2008.75                13.0                          19.0             
  2008.0    10.0   2008.8333               21.0                          12.0             
  2008.0    11.0   2008.9167               14.0                          6.0              
