2008.0   12.0      2009.0          0.0             0.0             0.0            0.0       
2009.0   1.0     2009.0833         0.0             0.0             0.0            0.0       
2009.0   2.0     2009.1667         0.0             0.0             0.0            0.0       
2009.0   3.0      2009.25          0.0             1.0             -1.0           -1.0      
2009.0   4.0     2009.3333         0.0             1.0             -1.0           -1.0      
2009.0   5.0     2009.4167         0.0             1.0             -1.0           -1.0      
2009.0   6.0       2009.5          0.0             1.0             -1.0           -1.0      
2009.0   7.0     2009.5833         0.0             1.0             -1.0           -1.0      
2009.0   8.0     2009.6667         0.0             1.0             -1.0           -1.0      
2009.0   9.0      2009.75          0.0             1.0             -1.0           -1.0      
2009.0   10.0    2009.8333         0.0             2.0             -2.0           -1.0      
2009.0   11.0    2009.9167         0.0             2.0             -2.0           -1.0      
2009.0   12.0      2010.0          0.0             2.0             -2.0           -1.0      
2010.0   1.0     2010.0833         0.0             2.0             -2.0           -1.0      
2010.0   2.0     2010.1667         1.0             2.0             -1.0         -0.3333     
2010.0   3.0      2010.25          3.0             2.0             1.0            0.2       
2010.0   4.0     2010.3333         5.0             2.0             3.0           0.4286     
2010.0   5.0     2010.4167         6.0             3.0             3.0           0.3333     
2010.0   6.0       2010.5          7.0             3.0             4.0            0.4       
2010.0   7.0     2010.5833         8.0             3.0             5.0           0.4545     
2010.0   8.0     2010.6667         8.0             3.0             5.0           0.4545     
2010.0   9.0      2010.75          11.0            3.0             8.0           0.5714     
2010.0   10.0    2010.8333         13.0            5.0             8.0           0.4444     
2010.0   11.0    2010.9167         13.0            7.0             6.0            0.3       
2010.0   12.0      2011.0          15.0            7.0             8.0           0.3636     
2011.0   1.0     2011.0833         17.0            7.0             10.0          0.4167     
2011.0   2.0     2011.1667         17.0            8.0             9.0            0.36      
2011.0   3.0      2011.25          18.0            10.0            8.0           0.2857     
2011.0   4.0     2011.3333         23.0            10.0            13.0          0.3939     
2011.0   5.0     2011.4167         24.0            10.0            14.0          0.4118     
2011.0   6.0       2011.5          29.0            10.0            19.0          0.4872     
2011.0   7.0     2011.5833         30.0            11.0            19.0          0.4634     
2011.0   8.0     2011.6667         34.0            11.0            23.0          0.5111     
2011.0   9.0      2011.75          42.0            11.0            31.0          0.5849     
2011.0   10.0    2011.8333         51.0            11.0            40.0          0.6452     
2011.0   11.0    2011.9167         56.0            13.0            43.0          0.6232     
2011.0   12.0      2012.0          66.0            13.0            53.0          0.6709     
2012.0   1.0     2012.0833         76.0            14.0            62.0          0.6889     
2012.0   2.0     2012.1667         90.0            16.0            74.0          0.6981     
2012.0   3.0      2012.25         101.0            17.0            84.0          0.7119     
2012.0   4.0     2012.3333        105.0            18.0            87.0          0.7073     
2012.0   5.0     2012.4167        109.0            21.0            88.0          0.6769     
2012.0   6.0       2012.5         116.0            30.0            86.0          0.589      
2012.0   7.0     2012.5833        132.0            48.0            84.0          0.4667     
2012.0   8.0     2012.6667        144.0            48.0            96.0           0.5       
2012.0   9.0      2012.75         153.0            49.0           104.0          0.5149     
2012.0   10.0    2012.8333        157.0            50.0           107.0          0.5169     
2012.0   11.0    2012.9167        160.0            59.0           101.0          0.4612     
2012.0   12.0      2013.0         164.0            59.0           105.0          0.4709     
2013.0   1.0     2013.0833        170.0            61.0           109.0          0.4719     
2013.0   2.0     2013.1667        174.0            65.0           109.0          0.4561     
2013.0   3.0      2013.25         179.0            66.0           113.0          0.4612     
2013.0   4.0     2013.3333        188.0            69.0           119.0          0.463      
2013.0   5.0     2013.4167        198.0            79.0           119.0          0.4296     
2013.0   6.0       2013.5         202.0            88.0           114.0          0.3931     
2013.0   7.0     2013.5833        207.0            92.0           115.0          0.3846     
2013.0   8.0     2013.6667        212.0           105.0           107.0          0.3375     
2013.0   9.0      2013.75         213.0           112.0           101.0          0.3108     
2013.0   10.0    2013.8333        219.0           119.0           100.0          0.2959     
2013.0   11.0    2013.9167        225.0           131.0            94.0          0.264      
2013.0   12.0      2014.0         229.0           143.0            86.0          0.2312     
2014.0   1.0     2014.0833        236.0           152.0            84.0          0.2165     
2014.0   2.0     2014.1667        236.0           161.0            75.0          0.1889     
2014.0   3.0      2014.25         240.0           171.0            69.0          0.1679     
2014.0   4.0     2014.3333        248.0           181.0            67.0          0.1562     
2014.0   5.0     2014.4167        255.0           189.0            66.0          0.1486     
2014.0   6.0       2014.5         259.0           192.0            67.0          0.1486     
2014.0   7.0     2014.5833        265.0           193.0            72.0          0.1572     
2014.0   8.0     2014.6667        268.0           194.0            74.0          0.1602     
2014.0   9.0      2014.75         275.0           194.0            81.0          0.1727     
2014.0   10.0    2014.8333        281.0           197.0            84.0          0.1757     
2014.0   11.0    2014.9167        288.0           201.0            87.0          0.1779     
2014.0   12.0      2015.0         294.0           201.0            93.0          0.1879     
2015.0   1.0     2015.0833        304.0           203.0           101.0          0.1992     
2015.0   2.0     2015.1667        307.0           206.0           101.0          0.1969     
2015.0   3.0      2015.25         307.0           211.0            96.0          0.1853     
2015.0   4.0     2015.3333        317.0           212.0           105.0          0.1985     
2015.0   5.0     2015.4167        331.0           212.0           119.0          0.2192     
2015.0   6.0       2015.5         336.0           216.0           120.0          0.2174     
2015.0   7.0     2015.5833        339.0           218.0           121.0          0.2172     
2015.0   8.0     2015.6667        342.0           221.0           121.0          0.2149     
2015.0   9.0      2015.75         346.0           223.0           123.0          0.2162     
2015.0   10.0    2015.8333        353.0           223.0           130.0          0.2257     
2015.0   11.0    2015.9167        354.0           224.0           130.0          0.2249     
2015.0   12.0      2016.0         354.0           225.0           129.0          0.2228     
2016.0   1.0     2016.0833        358.0           231.0           127.0          0.2156     
2016.0   2.0     2016.1667        360.0           234.0           126.0          0.2121     
2016.0   3.0      2016.25         365.0           235.0           130.0          0.2167     
2016.0   4.0     2016.3333        370.0           236.0           134.0          0.2211     
2016.0   5.0     2016.4167        372.0           236.0           136.0          0.2237     
2016.0   6.0       2016.5         375.0           239.0           136.0          0.2215     
2016.0   7.0     2016.5833        375.0           239.0           136.0          0.2215     
2016.0   8.0     2016.6667        375.0           239.0           136.0          0.2215     
2016.0   9.0      2016.75         375.0           240.0           135.0          0.2195     
2016.0   10.0    2016.8333        375.0           240.0           135.0          0.2195     
2016.0   11.0    2016.9167        375.0           240.0           135.0          0.2195     
2016.0   12.0      2017.0         376.0           240.0           136.0          0.2208     
2017.0   1.0     2017.0833        376.0           240.0           136.0          0.2208     
2017.0   2.0     2017.1667        378.0           240.0           138.0          0.2233     
2017.0   3.0      2017.25         379.0           240.0           139.0          0.2246     
2017.0   4.0     2017.3333        381.0           240.0           141.0          0.2271     
2017.0   5.0     2017.4167        381.0           240.0           141.0          0.2271     
2017.0   6.0       2017.5         381.0           240.0           141.0          0.2271     
2017.0   7.0     2017.5833        381.0           240.0           141.0          0.2271     
2017.0   8.0     2017.6667        381.0           240.0           141.0          0.2271     
2017.0   9.0      2017.75         381.0           240.0           141.0          0.2271     
2017.0   10.0    2017.8333        381.0           240.0           141.0          0.2271     
2017.0   11.0    2017.9167        381.0           240.0           141.0          0.2271     
2017.0   12.0      2018.0         381.0           240.0           141.0          0.2271     
2018.0   1.0     2018.0833        381.0           240.0           141.0          0.2271     
2018.0   2.0     2018.1667        381.0           240.0           141.0          0.2271     
2018.0   3.0      2018.25         381.0           240.0           141.0          0.2271     
2018.0   4.0     2018.3333        381.0           240.0           141.0          0.2271     
2018.0   5.0     2018.4167        381.0           240.0           141.0          0.2271     
2018.0   6.0       2018.5         381.0           240.0           141.0          0.2271     
2018.0   7.0     2018.5833        381.0           240.0           141.0          0.2271     
2018.0   8.0     2018.6667        381.0           240.0           141.0          0.2271     
2018.0   9.0      2018.75         381.0           240.0           141.0          0.2271     
2018.0   10.0    2018.8333        381.0           240.0           141.0          0.2271     
2018.0   12.0      2019.0         381.0           240.0           141.0          0.2271     
2019.0   1.0     2019.0833        381.0           240.0           141.0          0.2271     
2019.0   2.0     2019.1667        381.0           240.0           141.0          0.2271     
2019.0   3.0      2019.25         381.0           240.0           141.0          0.2271     
2019.0   4.0     2019.3333        381.0           240.0           141.0          0.2271     
2019.0   5.0     2019.4167        381.0           241.0           140.0          0.2251     
2019.0   6.0       2019.5         381.0           241.0           140.0          0.2251     
2019.0   7.0     2019.5833        381.0           241.0           140.0          0.2251     
2019.0   8.0     2019.6667        381.0           241.0           140.0          0.2251     
2019.0   10.0    2019.8333        381.0           241.0           140.0          0.2251     
2019.0   12.0      2020.0         381.0           241.0           140.0          0.2251     
2020.0   1.0     2020.0833        381.0           241.0           140.0          0.2251     
2020.0   3.0      2020.25         381.0           241.0           140.0          0.2251     
2020.0   4.0     2020.3333        381.0           241.0           140.0          0.2251     
2020.0   5.0     2020.4167        381.0           241.0           140.0          0.2251     
2020.0   6.0       2020.5         381.0           241.0           140.0          0.2251     
2020.0   7.0     2020.5833        382.0           241.0           141.0          0.2263     
2020.0   8.0     2020.6667        382.0           241.0           141.0          0.2263     
2020.0   9.0      2020.75         382.0           241.0           141.0          0.2263     
2020.0   10.0    2020.8333        382.0           241.0           141.0          0.2263     
2020.0   11.0    2020.9167        382.0           241.0           141.0          0.2263     
2020.0   12.0      2021.0         382.0           241.0           141.0          0.2263     
