2008.0   12.0      2009.0          15.0            10.0            5.0            0.2       
2009.0   1.0     2009.0833         26.0            20.0            6.0           0.1304     
2009.0   2.0     2009.1667         33.0            25.0            8.0           0.1379     
2009.0   3.0      2009.25          43.0            26.0            17.0          0.2464     
2009.0   4.0     2009.3333         55.0            35.0            20.0          0.2222     
2009.0   5.0     2009.4167         62.0            37.0            25.0          0.2525     
2009.0   6.0       2009.5          72.0            47.0            25.0          0.2101     
2009.0   7.0     2009.5833         79.0            52.0            27.0          0.2061     
2009.0   8.0     2009.6667         88.0            55.0            33.0          0.2308     
2009.0   9.0      2009.75         109.0            63.0            46.0          0.2674     
2009.0   10.0    2009.8333        118.0            71.0            47.0          0.2487     
2009.0   11.0    2009.9167        124.0            73.0            51.0          0.2589     
2009.0   12.0      2010.0         134.0            84.0            50.0          0.2294     
2010.0   1.0     2010.0833        143.0            88.0            55.0          0.2381     
2010.0   2.0     2010.1667        145.0            88.0            57.0          0.2446     
2010.0   3.0      2010.25         150.0            91.0            59.0          0.2448     
2010.0   4.0     2010.3333        153.0            91.0            62.0          0.2541     
2010.0   5.0     2010.4167        162.0            95.0            67.0          0.2607     
2010.0   6.0       2010.5         165.0            97.0            68.0          0.2595     
2010.0   7.0     2010.5833        171.0           100.0            71.0          0.262      
2010.0   8.0     2010.6667        179.0           104.0            75.0          0.265      
2010.0   9.0      2010.75         185.0           107.0            78.0          0.2671     
2010.0   10.0    2010.8333        191.0           109.0            82.0          0.2733     
2010.0   11.0    2010.9167        202.0           118.0            84.0          0.2625     
2010.0   12.0      2011.0         207.0           123.0            84.0          0.2545     
2011.0   1.0     2011.0833        216.0           127.0            89.0          0.2595     
2011.0   2.0     2011.1667        227.0           129.0            98.0          0.2753     
2011.0   3.0      2011.25         239.0           141.0            98.0          0.2579     
2011.0   4.0     2011.3333        260.0           152.0           108.0          0.2621     
2011.0   5.0     2011.4167        277.0           159.0           118.0          0.2706     
2011.0   6.0       2011.5         291.0           165.0           126.0          0.2763     
2011.0   7.0     2011.5833        299.0           170.0           129.0          0.2751     
2011.0   8.0     2011.6667        321.0           177.0           144.0          0.2892     
2011.0   9.0      2011.75         328.0           180.0           148.0          0.2913     
2011.0   10.0    2011.8333        358.0           185.0           173.0          0.3186     
2011.0   11.0    2011.9167        370.0           187.0           183.0          0.3285     
2011.0   12.0      2012.0         382.0           192.0           190.0          0.331      
2012.0   1.0     2012.0833        395.0           195.0           200.0          0.339      
2012.0   2.0     2012.1667        409.0           197.0           212.0          0.3498     
2012.0   3.0      2012.25         424.0           202.0           222.0          0.3546     
2012.0   4.0     2012.3333        437.0           210.0           227.0          0.3509     
2012.0   5.0     2012.4167        449.0           219.0           230.0          0.3443     
2012.0   6.0       2012.5         465.0           228.0           237.0          0.342      
2012.0   7.0     2012.5833        486.0           238.0           248.0          0.3425     
2012.0   8.0     2012.6667        500.0           245.0           255.0          0.3423     
2012.0   9.0      2012.75         521.0           258.0           263.0          0.3376     
2012.0   10.0    2012.8333        540.0           267.0           273.0          0.3383     
2012.0   11.0    2012.9167        553.0           280.0           273.0          0.3277     
2012.0   12.0      2013.0         582.0           298.0           284.0          0.3227     
2013.0   1.0     2013.0833        597.0           311.0           286.0          0.315      
2013.0   2.0     2013.1667        616.0           327.0           289.0          0.3065     
2013.0   3.0      2013.25         642.0           340.0           302.0          0.3075     
2013.0   4.0     2013.3333        665.0           353.0           312.0          0.3065     
2013.0   5.0     2013.4167        693.0           368.0           325.0          0.3063     
2013.0   6.0       2013.5         712.0           392.0           320.0          0.2899     
2013.0   7.0     2013.5833        728.0           403.0           325.0          0.2874     
2013.0   8.0     2013.6667        742.0           415.0           327.0          0.2826     
2013.0   9.0      2013.75         753.0           426.0           327.0          0.2774     
2013.0   10.0    2013.8333        762.0           447.0           315.0          0.2605     
2013.0   11.0    2013.9167        782.0           464.0           318.0          0.2552     
2013.0   12.0      2014.0         797.0           480.0           317.0          0.2482     
2014.0   1.0     2014.0833        800.0           491.0           309.0          0.2393     
2014.0   2.0     2014.1667        809.0           512.0           297.0          0.2248     
2014.0   3.0      2014.25         818.0           524.0           294.0          0.2191     
2014.0   4.0     2014.3333        830.0           546.0           284.0          0.2064     
2014.0   5.0     2014.4167        845.0           559.0           286.0          0.2037     
2014.0   6.0       2014.5         858.0           580.0           278.0          0.1933     
2014.0   7.0     2014.5833        869.0           605.0           264.0          0.1791     
2014.0   8.0     2014.6667        877.0           618.0           259.0          0.1732     
2014.0   9.0      2014.75         892.0           627.0           265.0          0.1745     
2014.0   10.0    2014.8333        909.0           656.0           253.0          0.1617     
2014.0   11.0    2014.9167        934.0           663.0           271.0          0.1697     
2014.0   12.0      2015.0         966.0           673.0           293.0          0.1788     
2015.0   1.0     2015.0833        983.0           679.0           304.0          0.1829     
2015.0   2.0     2015.1667        992.0           692.0           300.0          0.1781     
2015.0   3.0      2015.25         1006.0          699.0           307.0          0.1801     
2015.0   4.0     2015.3333        1025.0          706.0           319.0          0.1843     
2015.0   5.0     2015.4167        1043.0          712.0           331.0          0.1886     
2015.0   6.0       2015.5         1055.0          716.0           339.0          0.1914     
2015.0   7.0     2015.5833        1078.0          721.0           357.0          0.1984     
2015.0   8.0     2015.6667        1097.0          726.0           371.0          0.2035     
2015.0   9.0      2015.75         1107.0          731.0           376.0          0.2046     
2015.0   10.0    2015.8333        1120.0          734.0           386.0          0.2082     
2015.0   11.0    2015.9167        1137.0          735.0           402.0          0.2147     
2015.0   12.0      2016.0         1148.0          744.0           404.0          0.2135     
2016.0   1.0     2016.0833        1166.0          749.0           417.0          0.2178     
2016.0   2.0     2016.1667        1176.0          757.0           419.0          0.2168     
2016.0   3.0      2016.25         1187.0          759.0           428.0          0.2199     
2016.0   4.0     2016.3333        1203.0          760.0           443.0          0.2257     
2016.0   5.0     2016.4167        1211.0          761.0           450.0          0.2282     
2016.0   6.0       2016.5         1222.0          766.0           456.0          0.2294     
2016.0   7.0     2016.5833        1234.0          769.0           465.0          0.2322     
2016.0   8.0     2016.6667        1239.0          769.0           470.0          0.2341     
2016.0   9.0      2016.75         1239.0          770.0           469.0          0.2334     
2016.0   10.0    2016.8333        1244.0          777.0           467.0          0.2311     
2016.0   11.0    2016.9167        1247.0          777.0           470.0          0.2322     
2016.0   12.0      2017.0         1256.0          779.0           477.0          0.2344     
2017.0   1.0     2017.0833        1262.0          779.0           483.0          0.2366     
2017.0   2.0     2017.1667        1263.0          780.0           483.0          0.2364     
2017.0   3.0      2017.25         1270.0          783.0           487.0          0.2372     
2017.0   4.0     2017.3333        1275.0          785.0           490.0          0.2379     
2017.0   5.0     2017.4167        1277.0          788.0           489.0          0.2368     
2017.0   6.0       2017.5         1279.0          788.0           491.0          0.2375     
2017.0   7.0     2017.5833        1282.0          789.0           493.0          0.238      
2017.0   8.0     2017.6667        1288.0          793.0           495.0          0.2379     
2017.0   9.0      2017.75         1293.0          794.0           499.0          0.2391     
2017.0   10.0    2017.8333        1298.0          794.0           504.0          0.2409     
2017.0   11.0    2017.9167        1302.0          797.0           505.0          0.2406     
2017.0   12.0      2018.0         1305.0          797.0           508.0          0.2417     
2018.0   1.0     2018.0833        1307.0          800.0           507.0          0.2406     
2018.0   2.0     2018.1667        1310.0          803.0           507.0          0.2399     
2018.0   3.0      2018.25         1313.0          803.0           510.0          0.241      
2018.0   4.0     2018.3333        1316.0          808.0           508.0          0.2392     
2018.0   5.0     2018.4167        1319.0          809.0           510.0          0.2397     
2018.0   6.0       2018.5         1319.0          809.0           510.0          0.2397     
2018.0   7.0     2018.5833        1323.0          810.0           513.0          0.2405     
2018.0   8.0     2018.6667        1326.0          812.0           514.0          0.2404     
2018.0   9.0      2018.75         1327.0          815.0           512.0          0.239      
2018.0   10.0    2018.8333        1330.0          815.0           515.0          0.2401     
2018.0   11.0    2018.9167        1331.0          817.0           514.0          0.2393     
2018.0   12.0      2019.0         1335.0          818.0           517.0          0.2401     
2019.0   1.0     2019.0833        1341.0          822.0           519.0          0.2399     
2019.0   2.0     2019.1667        1343.0          824.0           519.0          0.2395     
2019.0   3.0      2019.25         1349.0          828.0           521.0          0.2393     
2019.0   4.0     2019.3333        1351.0          831.0           520.0          0.2383     
2019.0   5.0     2019.4167        1353.0          834.0           519.0          0.2373     
2019.0   6.0       2019.5         1355.0          834.0           521.0          0.238      
2019.0   7.0     2019.5833        1361.0          835.0           526.0          0.2395     
2019.0   8.0     2019.6667        1361.0          835.0           526.0          0.2395     
2019.0   9.0      2019.75         1363.0          837.0           526.0          0.2391     
2019.0   10.0    2019.8333        1363.0          842.0           521.0          0.2363     
2019.0   11.0    2019.9167        1368.0          843.0           525.0          0.2374     
2019.0   12.0      2020.0         1372.0          847.0           525.0          0.2366     
2020.0   1.0     2020.0833        1373.0          849.0           524.0          0.2358     
2020.0   2.0     2020.1667        1377.0          854.0           523.0          0.2344     
2020.0   3.0      2020.25         1378.0          860.0           518.0          0.2315     
2020.0   4.0     2020.3333        1379.0          865.0           514.0          0.2291     
2020.0   5.0     2020.4167        1384.0          866.0           518.0          0.2302     
2020.0   6.0       2020.5         1384.0          871.0           513.0          0.2275     
2020.0   7.0     2020.5833        1386.0          878.0           508.0          0.2244     
2020.0   8.0     2020.6667        1386.0          880.0           506.0          0.2233     
2020.0   9.0      2020.75         1388.0          883.0           505.0          0.2224     
2020.0   10.0    2020.8333        1394.0          886.0           508.0          0.2228     
2020.0   11.0    2020.9167        1407.0          890.0           517.0          0.2251     
2020.0   12.0      2021.0         1409.0          892.0           517.0          0.2247     
